10000 30
29 12 23 17 8 15 7 14 14 30 27 13 13 7 26 29 24 12 12 19 29 26 2 23 21 8 11 18 30 25 
5 6 14
11 14 29
10 14 7
15 18 14
9 12 28
15 18 30
16 21 23
5 7 21
7 9 24
16 18 11
4 6 16
19 21 25
5 9 7
10 12 28
0 5 13
5 7 5
4 7 1
5 9 1
20 22 16
13 15 22
15 18 26
1 3 7
18 23 17
18 21 29
2 6 2
19 21 17
18 21 7
12 15 24
22 2 21
4 8 11
0 3 21
5 9 29
12 17 20
5 8 16
15 19 8
17 20 28
1 1 1
21 0 2
15 19 10
20 22 25
11 15 28
8 10 9
11 15 12
4 7 18
16 21 22
7 8 15
18 22 29
16 18 3
21 23 5
17 21 19
7 11 14
15 17 4
0 4 23
17 20 11
10 13 4
1 4 30
8 12 29
16 20 29
9 12 2
19 23 16
8 13 9
6 9 16
10 13 29
17 18 1
14 16 1
6 9 5
22 1 29
3 6 18
12 17 26
11 14 6
7 12 28
18 0 17
18 22 16
4 5 22
20 22 6
8 12 12
14 18 19
19 22 14
11 15 26
18 22 5
3 5 17
9 11 13
10 12 6
16 19 27
13 17 21
16 20 6
18 21 12
1 2 29
17 19 13
5 8 18
15 18 9
21 0 10
0 1 22
10 13 1
7 11 2
9 12 20
17 20 8
16 20 10
10 13 23
16 19 23
14 17 18
1 4 16
2 6 13
6 9 19
3 8 11
6 10 26
16 18 25
17 20 19
7 10 6
6 6 30
3 7 7
20 23 17
22 1 16
4 7 26
5 6 1
15 20 19
12 17 17
0 3 27
2 5 10
17 19 1
22 2 7
11 14 14
11 14 3
9 12 3
17 20 18
8 9 27
12 13 19
8 12 17
6 9 7
16 19 22
3 7 24
10 12 23
22 2 12
12 15 25
10 13 24
20 22 10
2 5 24
11 14 29
9 11 9
7 12 10
5 9 8
20 22 6
3 6 6
9 12 9
5 7 19
1 3 2
7 9 12
23 1 10
4 6 20
6 11 22
6 7 1
15 17 8
12 16 11
7 9 1
23 0 26
5 10 11
11 14 18
5 7 5
0 3 8
9 12 23
10 11 9
14 15 2
18 21 29
10 14 29
1 5 10
23 1 5
11 12 13
22 1 13
12 17 2
18 20 9
13 15 22
0 2 22
0 2 30
1 4 10
9 13 21
18 22 27
18 22 9
20 21 17
20 1 10
23 2 12
19 0 16
17 21 6
14 16 23
3 6 14
16 21 11
9 11 6
0 3 27
21 0 15
21 0 17
6 9 18
1 4 2
13 17 9
0 3 16
2 6 14
20 22 29
17 20 3
12 14 20
21 0 9
23 2 12
1 5 13
3 5 8
0 2 30
23 3 7
17 22 27
4 8 28
4 8 28
18 22 27
17 21 4
22 1 2
6 10 4
3 5 25
16 19 19
7 10 24
19 21 22
0 1 23
8 10 9
22 0 23
12 14 10
12 15 6
4 7 12
22 2 15
21 23 14
20 23 20
17 19 19
16 20 19
7 11 27
1 5 1
5 8 22
8 10 14
10 11 30
5 8 22
7 11 13
18 21 25
8 13 1
16 19 11
15 18 27
2 5 10
13 16 12
23 1 18
14 17 18
4 7 8
17 21 24
13 15 8
3 7 13
2 6 10
0 1 26
18 18 8
6 10 16
23 4 14
19 23 1
8 11 16
22 1 7
0 2 22
11 14 19
2 5 20
15 18 8
17 18 19
3 6 18
6 8 13
22 2 2
15 19 4
4 7 1
20 0 22
5 10 3
10 14 3
8 11 27
6 8 10
13 18 16
5 8 26
4 4 10
6 9 16
6 10 25
3 7 27
17 21 27
2 4 28
7 10 16
17 17 10
9 13 24
20 0 13
13 16 23
13 16 29
10 13 13
21 0 27
2 5 9
3 5 28
15 18 11
22 0 20
1 5 3
4 6 14
8 8 29
20 0 30
4 8 18
12 12 20
13 14 17
20 23 20
2 3 1
19 20 11
10 15 10
16 19 2
4 6 7
7 11 8
20 22 6
23 2 10
17 21 29
16 19 17
11 16 7
11 16 11
10 13 7
13 15 23
2 6 13
17 20 16
18 21 28
19 22 13
2 3 9
1 4 6
5 6 30
23 3 13
6 9 21
6 8 25
6 6 25
1 3 1
1 7 11
21 0 12
6 9 15
15 17 10
20 0 19
9 12 15
17 21 8
9 11 4
6 8 21
9 13 7
10 13 8
13 16 11
1 5 4
8 11 9
21 1 17
12 14 13
21 0 24
10 14 10
8 10 15
3 6 26
22 0 16
4 7 14
21 1 8
3 4 14
2 7 21
11 12 5
17 19 20
5 9 14
8 14 8
19 21 20
2 6 20
17 21 26
0 4 19
1 4 20
16 19 17
17 20 26
23 4 17
15 18 8
8 11 26
20 23 23
17 19 6
20 22 16
4 3 11
19 22 29
2 4 1
16 21 17
13 18 20
4 9 20
6 8 22
6 6 13
7 10 14
5 7 13
20 0 3
0 4 15
1 3 25
17 19 25
13 16 21
17 18 7
22 3 30
11 15 26
6 9 3
17 18 16
14 16 2
8 9 29
8 12 13
21 23 4
2 6 5
16 21 5
18 22 2
19 21 26
23 2 1
17 20 22
10 13 22
16 18 14
15 18 10
3 6 8
9 13 8
22 23 24
7 10 24
20 23 25
9 11 1
23 1 20
10 13 8
18 23 26
12 14 17
20 0 21
20 0 28
7 12 28
12 15 13
2 7 22
14 15 10
23 4 25
19 22 10
19 22 2
5 10 30
1 5 19
18 21 12
6 7 29
22 1 20
14 18 23
19 23 3
20 23 30
13 17 7
10 12 7
5 8 17
17 21 12
17 19 22
18 20 10
6 9 23
3 6 2
8 12 26
5 8 18
5 8 12
13 16 30
10 14 1
10 14 22
10 13 27
6 9 18
10 15 24
9 11 17
6 9 24
21 23 26
12 16 23
5 8 1
2 5 11
17 21 1
18 21 5
21 0 15
4 8 5
6 8 21
7 9 28
1 4 12
5 7 16
22 1 18
21 2 21
5 7 30
6 10 12
20 23 15
8 11 18
15 18 19
13 14 15
18 21 15
0 3 7
21 23 26
23 1 19
17 21 26
15 19 1
9 12 18
17 19 25
11 15 21
9 11 2
3 7 29
21 22 21
8 12 9
20 22 13
11 15 9
2 5 23
21 0 19
19 22 19
20 22 17
23 1 30
14 16 25
13 16 25
22 1 17
11 14 18
3 6 17
19 21 18
10 14 20
0 2 13
8 10 17
4 6 14
10 14 16
16 18 1
8 12 1
17 21 26
20 22 22
0 2 20
13 15 20
22 1 10
21 0 16
8 9 13
14 17 4
23 1 19
10 12 18
15 19 29
1 5 5
20 23 16
16 21 11
22 0 14
0 2 4
12 16 25
5 9 25
2 5 25
4 7 4
6 8 30
14 16 15
21 0 7
12 14 14
15 19 22
13 16 1
19 22 26
21 23 4
4 8 2
15 18 28
1 4 20
10 13 20
15 18 19
5 7 23
14 16 21
13 16 26
16 20 6
18 20 12
19 21 11
16 19 25
6 10 8
12 14 16
22 2 25
14 18 23
3 5 26
15 19 15
8 11 7
17 18 19
2 5 25
10 12 6
2 5 9
0 4 29
15 19 26
5 7 14
1 4 16
2 4 15
19 0 28
19 23 20
14 18 15
5 7 23
14 16 20
17 21 2
2 5 19
4 7 23
5 9 30
2 5 14
19 23 2
17 19 8
20 0 25
19 21 23
23 2 28
4 8 10
6 10 22
23 2 26
0 2 3
15 17 2
7 11 28
3 7 2
8 11 29
5 9 25
2 5 27
19 22 21
22 2 3
12 13 4
18 21 20
13 16 7
7 10 28
3 7 2
14 17 11
13 15 11
5 7 5
18 22 10
0 2 10
4 5 27
23 2 27
6 8 4
0 3 3
23 3 4
8 10 13
13 15 9
16 20 8
7 9 26
11 18 25
7 9 25
22 3 18
20 23 3
2 4 29
13 16 20
1 2 29
4 6 7
0 5 8
19 22 18
19 23 6
4 8 30
22 1 7
5 9 17
5 9 13
13 17 7
18 22 1
7 10 3
5 8 4
3 6 24
13 15 15
16 19 9
3 7 2
18 21 10
18 23 26
17 19 26
4 6 14
7 11 2
3 6 26
14 17 10
4 5 11
6 7 15
7 10 4
5 7 14
0 2 12
20 22 10
11 15 18
11 13 1
5 8 29
5 8 3
20 1 1
1 2 25
15 19 29
10 11 22
0 2 8
21 1 16
20 0 30
14 17 4
6 8 15
1 5 17
9 12 25
0 2 13
21 0 27
12 16 30
13 15 25
11 14 30
3 7 9
17 21 29
16 18 13
16 19 14
15 18 9
18 21 11
18 22 28
13 17 11
22 3 22
9 11 28
10 12 5
1 4 1
7 9 2
14 16 14
14 19 30
5 9 21
18 22 29
15 18 14
13 16 27
17 21 7
21 0 13
13 16 17
16 20 20
14 17 1
21 0 23
0 5 6
20 22 19
8 13 30
7 9 18
3 7 21
13 15 1
17 19 27
3 6 18
18 19 4
15 18 3
16 20 18
7 8 6
13 14 1
8 12 12
17 20 28
23 1 7
18 19 27
1 6 27
8 13 8
11 16 8
5 7 6
10 12 10
20 0 8
13 16 5
10 13 1
10 13 25
2 5 22
21 23 16
23 3 8
4 6 10
19 22 17
16 19 21
21 23 16
22 1 1
19 23 24
17 20 26
16 19 16
10 12 27
14 18 27
5 8 19
2 5 16
23 3 10
6 9 17
18 20 5
17 20 5
13 17 5
21 0 17
5 9 14
7 11 12
17 20 11
7 9 8
3 5 3
21 0 7
13 14 7
23 2 1
23 0 29
23 2 22
8 13 7
2 3 12
7 10 20
12 16 12
0 3 8
18 21 16
14 17 17
12 15 20
1 3 24
14 17 30
22 2 2
4 8 22
16 20 30
0 2 25
3 5 19
7 9 27
0 2 8
22 0 28
7 10 25
23 3 15
21 0 1
0 3 17
22 2 17
23 2 4
2 4 9
2 5 17
12 13 13
0 4 3
6 9 18
6 9 11
8 10 24
0 2 22
5 8 7
18 21 24
23 2 15
21 0 29
22 1 15
20 22 3
11 13 11
14 17 13
22 0 2
5 7 1
17 19 21
11 13 3
13 17 1
10 12 11
1 6 11
23 4 19
3 8 6
10 13 24
15 19 11
15 20 8
17 18 18
20 22 22
11 15 3
15 17 23
17 18 11
16 20 6
0 4 6
1 4 26
13 16 29
1 4 4
20 0 29
4 8 29
0 4 3
3 7 15
10 12 4
16 20 21
13 16 19
16 20 24
1 3 17
1 5 29
6 9 22
3 6 2
23 1 2
2 3 1
5 8 28
3 6 28
13 16 9
17 21 19
13 16 8
19 22 16
12 15 4
1 7 5
4 7 30
23 2 6
8 12 7
5 9 11
11 13 28
23 1 9
15 19 8
18 21 20
20 22 19
22 0 23
21 0 25
12 15 19
8 11 6
13 14 17
10 13 3
4 8 30
17 20 7
5 7 18
4 7 15
16 19 5
8 10 1
13 16 19
19 23 5
19 22 18
14 17 24
4 6 25
13 18 6
3 7 10
1 6 27
4 8 20
9 14 19
2 6 8
22 2 14
1 5 17
4 7 11
19 21 30
18 23 17
0 3 2
8 11 13
23 2 24
12 15 22
2 6 12
16 19 10
11 14 22
3 7 4
22 2 29
22 0 1
1 5 11
19 23 29
6 8 14
2 6 16
1 2 16
18 20 25
15 18 17
6 10 22
11 16 22
6 8 27
1 5 1
13 19 8
3 6 3
15 18 21
15 17 19
21 0 22
22 2 25
7 10 12
6 9 8
5 10 17
15 18 22
6 10 4
8 12 4
13 15 5
11 12 20
5 10 3
19 0 4
2 5 5
5 9 23
7 9 5
19 22 28
1 4 30
2 5 13
8 11 7
13 17 28
10 13 20
3 7 19
13 15 6
10 13 21
3 3 10
4 7 27
12 15 22
17 21 10
5 7 22
20 0 19
7 10 23
12 16 28
11 14 30
20 23 5
20 23 7
1 3 28
2 3 14
3 6 7
7 10 23
11 14 19
2 5 28
4 7 2
8 9 25
19 23 30
19 22 3
18 21 14
8 11 30
13 16 10
20 0 15
4 8 7
17 21 16
11 12 18
6 11 27
0 2 24
22 1 4
7 10 18
23 1 11
19 23 18
13 17 3
20 0 19
0 1 4
1 3 3
7 12 20
1 4 21
11 15 14
1 6 17
18 22 30
23 3 6
17 20 24
21 23 16
1 4 22
9 12 13
6 8 1
3 6 26
18 21 24
17 21 17
12 15 5
2 6 25
15 17 30
16 19 20
8 8 6
19 23 16
1 4 14
10 14 27
17 20 8
14 18 4
7 10 16
13 16 19
4 6 19
12 16 18
15 18 14
2 4 11
7 12 8
16 20 29
21 2 8
12 15 19
19 22 6
16 19 14
8 11 16
11 14 29
10 14 15
16 19 21
0 3 9
16 18 21
20 0 23
14 17 3
21 0 4
9 12 6
7 9 4
11 14 21
8 12 20
22 4 27
2 3 18
21 2 2
3 5 17
21 22 17
14 18 24
7 9 27
6 8 13
7 11 6
16 20 8
14 16 27
14 17 5
22 1 4
9 12 11
22 1 18
1 5 20
20 22 2
19 22 22
22 1 5
1 3 17
11 14 24
21 1 17
9 11 1
1 4 7
8 9 25
9 12 26
19 23 27
11 14 9
16 16 15
21 1 8
23 3 19
16 18 17
11 15 27
20 0 1
2 6 19
16 20 9
7 9 9
22 1 29
6 9 16
10 12 13
6 6 18
6 8 18
6 9 8
6 7 25
1 4 17
19 22 3
19 22 29
18 22 10
8 11 5
4 8 8
19 23 2
2 6 5
16 20 19
20 22 15
18 22 11
14 17 10
16 19 9
21 1 15
1 4 2
18 19 14
1 3 14
22 0 11
1 2 30
14 18 6
2 4 5
21 22 23
21 1 11
7 11 11
14 17 18
10 13 24
12 17 11
12 15 1
9 12 15
20 23 23
14 16 4
19 23 6
14 16 1
6 7 28
21 0 30
17 21 22
6 9 22
11 14 2
23 0 28
21 23 3
15 18 3
18 20 27
20 23 12
23 1 15
13 15 1
20 23 12
21 1 3
12 15 21
19 23 5
21 1 25
0 3 1
6 9 22
10 13 14
0 2 20
10 12 4
1 2 15
6 7 29
11 15 12
6 9 3
16 19 13
18 21 25
6 9 20
9 13 21
13 17 11
5 9 11
21 23 23
4 7 22
15 18 22
4 7 13
9 12 13
21 1 21
2 7 2
8 10 22
22 1 8
18 19 16
21 0 23
8 13 1
12 16 20
6 8 19
7 10 15
19 22 29
16 20 25
4 8 29
12 14 4
10 12 26
17 21 27
11 13 15
12 14 15
19 22 24
6 10 1
17 22 17
16 20 16
14 17 20
19 22 7
6 9 19
13 16 22
1 4 14
17 22 3
22 2 18
13 17 8
23 2 27
5 8 30
1 5 21
6 9 28
13 17 15
13 17 5
4 5 29
5 8 23
7 10 20
8 11 5
22 2 25
15 15 18
23 3 15
21 0 6
20 23 19
23 2 1
1 4 2
17 22 3
18 22 27
8 12 17
15 18 1
4 9 27
22 1 25
23 2 5
14 17 4
17 19 6
6 11 8
7 11 18
1 5 20
1 4 30
4 6 22
18 20 4
21 22 4
18 21 14
16 19 12
4 7 9
5 7 29
6 9 14
23 2 27
3 6 9
5 10 12
2 3 28
17 21 29
20 23 19
22 3 3
12 13 13
8 11 19
4 9 7
5 9 6
7 9 21
12 14 25
19 1 5
11 15 11
5 9 10
5 9 12
2 3 3
9 12 12
14 16 20
12 15 29
9 12 3
15 19 21
10 13 5
17 21 5
8 11 24
23 3 17
19 20 21
8 10 18
22 2 13
22 1 12
7 9 7
22 2 20
22 2 19
5 9 8
3 6 22
0 2 1
14 15 26
5 8 10
3 6 21
20 21 29
19 22 4
15 20 4
12 13 21
20 23 28
9 14 25
11 13 25
22 1 9
0 1 29
15 18 26
20 22 20
21 1 26
21 0 21
20 23 1
1 4 6
18 22 20
1 3 30
15 19 25
3 7 12
15 17 10
16 17 2
18 23 6
0 3 19
15 18 14
10 12 20
0 4 30
11 16 2
16 19 10
16 21 24
20 0 12
22 2 20
2 3 29
19 21 20
2 7 8
8 12 12
0 3 27
1 4 3
14 17 27
10 10 19
4 8 17
11 15 18
17 18 13
20 0 5
5 10 21
2 6 4
9 12 18
7 11 30
22 1 7
10 13 19
1 4 4
15 18 5
0 4 28
15 20 12
19 22 2
17 21 29
15 18 10
16 19 12
15 18 11
23 2 24
11 13 9
6 8 2
5 10 27
15 17 11
23 3 11
11 12 3
14 17 10
14 18 12
23 3 1
13 15 15
13 17 21
23 2 12
14 16 29
10 13 8
18 20 9
10 15 9
12 15 28
15 19 25
4 8 6
14 17 27
11 14 17
3 7 2
1 5 28
12 15 4
23 2 2
18 21 29
0 3 29
2 5 29
19 22 7
11 14 27
18 19 27
6 9 18
23 4 25
3 7 13
8 12 21
3 6 14
5 8 8
19 20 14
7 8 21
17 20 20
4 8 22
19 22 13
11 14 25
7 10 17
10 13 22
5 8 18
3 6 4
4 7 6
1 4 14
3 5 25
0 4 8
15 19 23
2 6 2
20 0 30
11 12 12
20 23 29
18 21 21
14 16 30
6 10 8
20 0 6
20 23 9
1 3 26
5 7 4
18 21 3
18 22 3
7 12 14
3 8 14
17 20 2
14 14 20
14 16 5
13 16 18
10 11 10
20 22 5
9 12 8
2 5 3
14 19 7
14 15 27
7 11 18
18 21 18
20 23 8
3 5 25
23 2 1
13 16 21
5 7 8
5 9 20
21 0 20
15 17 25
7 10 22
21 0 27
8 12 28
23 1 1
8 9 17
0 3 1
5 8 20
1 5 22
3 6 10
3 8 29
6 9 17
5 9 16
9 11 28
22 23 4
19 21 19
21 0 15
22 1 12
0 4 6
12 14 9
21 23 26
9 13 1
8 12 27
5 9 22
5 8 29
1 4 11
5 8 9
12 16 17
19 21 16
9 13 21
15 19 8
10 12 23
10 14 24
22 1 22
12 17 17
9 12 3
3 8 23
19 23 15
9 13 22
3 7 15
20 22 16
16 19 10
19 22 14
0 2 10
16 19 3
8 11 20
15 19 23
6 8 13
4 5 30
13 17 20
18 23 16
21 23 24
10 12 1
12 14 26
21 1 30
11 13 12
12 15 30
7 9 26
12 14 6
15 17 24
16 18 17
22 1 18
18 20 28
19 23 27
3 5 27
18 21 13
22 0 7
22 1 5
23 3 19
12 16 26
2 5 27
17 21 12
15 17 22
2 4 7
16 19 19
18 20 26
21 1 8
10 13 17
15 16 26
2 5 25
10 13 8
7 10 13
2 4 16
18 20 6
13 16 13
12 14 20
0 4 5
9 12 16
21 1 17
20 22 15
15 18 9
20 23 7
13 17 7
17 20 25
5 8 19
17 20 22
9 11 24
13 16 12
6 10 29
16 19 5
23 1 24
13 16 4
18 21 19
4 6 28
0 2 20
14 18 21
18 21 16
23 3 9
6 9 15
8 10 15
11 15 16
3 7 11
19 23 21
5 8 8
18 20 23
1 3 15
21 0 18
0 2 10
0 4 10
12 15 29
13 16 15
7 10 2
6 10 4
6 9 20
4 6 29
19 22 4
8 11 7
15 17 6
19 22 19
2 6 21
10 13 16
23 2 14
17 20 21
9 13 12
17 19 8
15 19 7
6 9 29
5 9 12
7 10 24
12 16 15
3 6 11
17 19 18
11 15 14
13 15 10
22 0 2
4 8 16
17 21 20
1 4 13
19 22 6
8 13 3
1 4 27
23 2 20
16 20 28
4 7 25
21 1 29
5 8 12
5 6 5
11 13 15
17 18 22
23 1 6
10 14 26
10 12 2
3 6 19
20 23 3
13 15 9
8 13 21
1 3 19
0 1 16
17 22 16
18 23 3
21 22 20
19 23 15
0 4 21
18 20 26
18 21 9
15 18 18
7 8 15
23 2 18
19 22 28
0 5 7
1 3 16
2 6 28
9 12 7
23 3 23
4 8 16
2 6 1
3 6 7
23 2 30
9 13 15
16 18 30
16 20 3
0 2 25
20 23 9
16 20 6
8 11 13
22 23 28
21 1 16
15 19 14
4 8 25
2 6 13
7 10 8
1 4 17
22 3 7
4 6 20
9 10 25
2 5 23
12 14 15
19 22 11
0 2 3
13 16 21
3 6 30
20 22 14
2 5 4
21 23 6
8 12 19
0 4 10
7 10 2
4 8 25
18 18 6
11 13 19
9 10 10
14 15 9
20 21 23
15 20 23
18 22 14
10 12 13
17 18 15
19 21 4
5 7 4
15 18 17
2 6 10
7 11 20
10 13 17
6 9 29
12 16 20
2 4 19
7 9 3
2 3 11
6 8 14
22 1 26
21 23 8
9 12 17
23 3 28
8 10 16
15 17 4
17 19 9
22 1 19
13 16 16
6 8 29
3 7 30
19 22 4
10 12 9
5 8 7
7 10 6
10 14 1
19 22 24
13 16 7
11 15 20
17 21 18
14 18 3
10 13 11
6 10 5
10 14 24
0 2 8
16 18 8
12 15 3
15 17 12
1 3 7
20 0 13
19 20 9
8 13 10
17 20 2
13 15 9
11 14 2
7 9 30
19 23 14
7 11 10
2 5 4
7 8 22
9 14 25
2 5 6
5 8 20
22 1 18
13 17 19
15 17 9
8 12 21
12 14 7
8 12 1
11 14 9
6 7 19
1 5 23
11 13 24
4 8 24
7 11 27
4 6 25
17 21 29
19 22 20
5 8 18
3 6 11
6 10 6
20 22 25
6 9 6
8 11 25
4 8 29
2 4 20
20 0 29
3 4 4
9 11 15
9 13 22
13 16 12
19 21 15
8 11 24
1 3 15
20 21 8
12 15 30
3 7 1
21 0 13
19 22 6
16 20 19
6 9 27
0 2 14
3 7 2
13 17 6
2 4 14
15 19 23
18 19 29
6 9 29
11 15 30
18 20 7
6 9 30
6 10 26
6 9 14
15 19 23
15 19 21
10 12 9
6 9 12
18 23 19
23 2 29
17 19 28
5 8 27
19 21 10
4 9 21
21 22 29
1 4 22
11 14 21
9 11 6
22 1 21
21 1 8
23 2 5
2 6 2
12 14 25
8 11 27
5 9 11
2 5 9
21 1 2
22 1 28
14 16 9
9 11 7
1 3 18
21 0 9
8 11 22
4 9 16
23 2 7
2 4 18
14 16 16
13 16 1
7 9 20
8 11 10
17 23 22
10 13 28
1 2 1
1 4 10
21 23 21
22 2 13
15 18 18
1 2 6
1 5 21
22 0 6
17 20 11
13 18 14
14 17 27
2 5 11
10 13 12
23 3 2
22 0 29
5 7 8
9 12 2
5 9 2
3 5 25
15 17 4
6 8 14
16 20 8
9 13 21
12 15 6
19 22 4
13 18 19
1 4 5
8 11 13
9 11 25
22 0 4
4 6 22
1 4 30
7 10 16
7 10 6
10 13 19
23 2 22
23 2 28
22 2 9
22 1 8
0 6 25
1 4 8
9 10 29
2 5 29
8 10 23
12 14 21
22 0 11
17 19 30
16 18 30
23 4 1
2 6 25
19 21 20
13 17 26
21 22 22
1 3 27
5 9 2
3 6 19
18 21 3
22 2 23
5 8 3
14 16 23
0 3 11
6 10 2
3 7 9
23 3 10
8 11 19
6 9 7
11 13 13
4 9 17
5 10 11
6 11 24
12 11 4
21 23 4
3 5 21
15 18 14
12 16 12
1 5 3
11 13 23
10 13 8
16 19 24
1 4 5
18 21 8
18 20 10
0 3 24
2 3 13
4 9 3
5 8 4
20 23 9
7 10 12
22 0 2
8 10 11
13 17 23
1 4 17
12 15 19
18 22 29
3 4 12
9 11 9
4 6 27
15 19 15
5 7 2
9 11 29
10 13 7
18 21 26
4 7 8
14 18 14
1 5 9
7 10 26
19 22 27
20 23 28
22 1 13
9 11 22
5 8 22
19 21 26
3 5 14
16 18 20
1 4 27
5 5 5
5 7 16
5 8 13
8 11 11
17 20 26
18 20 21
12 16 21
13 16 3
7 10 9
3 6 15
4 7 14
18 23 9
9 11 30
2 6 13
14 17 14
17 20 4
14 18 23
4 6 13
19 22 2
22 1 24
2 5 2
19 21 2
9 12 6
10 13 27
15 17 28
19 22 4
14 16 2
10 14 15
21 23 4
18 22 25
15 16 10
11 14 1
23 1 18
23 3 20
7 9 19
5 9 7
19 22 14
7 10 11
22 1 19
5 8 13
21 23 26
10 12 16
18 20 16
2 4 16
23 2 15
19 22 13
6 10 9
18 20 16
14 16 23
0 2 5
7 8 10
23 2 13
15 18 24
6 9 20
23 3 7
4 6 5
22 1 25
8 12 6
7 9 17
12 16 15
3 6 10
20 22 26
12 15 12
8 10 11
0 3 8
7 8 19
23 3 8
4 8 25
13 16 29
20 23 14
16 18 18
15 19 27
17 17 7
20 23 8
9 10 7
22 2 17
0 4 7
0 3 9
0 3 21
4 7 3
13 16 10
11 14 4
18 21 10
1 5 1
15 19 30
15 18 16
5 7 18
8 12 20
5 8 30
2 4 28
6 8 15
7 10 26
19 22 20
19 22 7
2 6 17
3 5 1
14 18 25
5 8 8
5 6 20
6 8 23
2 6 6
17 20 22
6 11 23
22 1 14
15 17 5
18 22 15
19 21 2
11 13 15
13 17 2
7 11 25
14 16 23
18 19 17
14 17 16
20 23 6
22 1 1
18 22 5
2 6 8
22 23 4
22 0 29
2 5 13
7 11 23
21 2 20
17 19 30
3 4 30
5 10 21
13 16 24
4 7 19
3 7 25
17 19 25
8 10 18
14 17 26
1 4 28
9 13 9
1 4 7
15 17 18
0 2 23
16 20 3
21 23 10
16 20 9
5 7 9
15 16 9
11 15 22
16 19 7
21 0 21
0 3 25
0 3 16
21 1 24
17 19 9
11 15 24
2 6 26
4 6 16
18 21 28
8 12 2
0 2 8
5 7 30
9 11 4
13 15 13
10 11 1
4 8 3
23 1 3
18 20 11
5 8 24
22 1 16
14 19 11
2 5 24
6 9 9
4 6 21
10 13 27
16 18 25
0 3 13
15 18 4
6 8 11
2 4 7
7 9 23
3 7 11
9 13 15
13 16 24
0 2 29
1 6 21
1 6 9
11 14 4
5 8 19
2 4 10
17 22 11
0 2 10
16 18 19
15 19 15
11 13 27
17 20 5
1 6 9
5 7 17
2 4 14
18 21 3
2 3 20
19 22 24
9 12 24
5 6 12
21 1 27
14 17 8
10 13 2
22 2 13
13 16 4
11 15 19
5 8 5
14 17 20
23 1 23
6 8 22
18 20 13
4 8 21
4 8 27
19 1 28
16 19 7
21 0 22
21 22 4
5 7 2
9 10 28
4 7 1
22 0 3
12 15 7
3 5 28
14 18 11
14 16 20
22 2 14
21 0 19
12 16 12
11 12 17
3 4 16
19 23 15
20 22 24
14 15 6
10 13 11
14 17 1
19 22 7
8 11 26
23 3 7
21 0 11
20 21 9
23 2 4
16 17 13
1 5 18
15 18 7
23 2 26
23 3 24
16 18 4
18 22 26
0 2 14
17 20 4
19 23 26
7 9 27
17 21 6
8 11 22
8 10 4
19 20 1
6 7 5
9 13 7
13 15 29
18 23 23
18 21 10
9 13 17
5 6 7
13 16 18
22 0 13
2 5 2
19 23 7
8 11 24
14 17 24
10 13 21
6 9 2
21 2 16
19 22 2
5 8 15
22 1 22
12 18 20
1 4 23
17 20 16
21 0 23
15 16 19
10 13 16
5 9 13
0 4 7
6 7 5
21 1 10
2 5 27
10 13 24
1 5 19
2 6 5
21 1 28
21 23 4
17 21 22
15 19 18
6 11 18
0 3 12
12 17 16
15 17 16
6 9 30
10 13 12
16 18 19
18 22 24
13 17 11
21 0 9
10 11 23
6 9 15
15 17 15
13 16 6
3 7 24
8 8 3
21 0 2
2 6 5
20 23 27
22 1 8
14 16 1
3 7 11
2 6 16
12 15 12
19 22 1
22 0 8
8 10 30
20 0 23
17 22 15
13 17 14
2 6 4
2 6 6
23 1 1
3 4 4
3 7 23
11 15 12
0 0 13
0 2 20
0 1 18
15 19 4
17 21 22
16 19 15
9 11 21
2 6 6
1 4 5
15 17 29
6 10 22
22 0 26
15 18 28
4 7 21
13 16 13
7 10 15
10 14 15
12 14 27
5 9 12
23 2 30
14 17 29
19 22 4
11 13 12
6 9 19
9 12 1
12 17 27
9 12 19
10 12 7
6 9 18
16 19 20
16 18 3
5 8 20
17 21 11
14 18 19
15 18 21
8 12 23
17 20 21
4 8 9
10 13 5
12 16 26
0 4 12
23 2 30
17 20 5
14 17 5
17 19 20
23 2 27
7 9 1
12 15 25
6 8 3
19 23 29
19 23 16
11 13 28
7 10 9
17 18 30
11 17 9
15 18 16
9 14 2
2 6 15
22 1 28
11 14 14
5 7 5
10 12 12
12 15 14
3 5 23
2 5 15
13 16 10
22 2 22
21 0 12
13 17 14
0 3 6
5 7 15
0 3 29
5 8 13
23 2 16
11 14 23
16 19 9
23 2 10
21 0 4
4 6 9
19 21 22
10 14 23
22 23 4
23 2 13
21 23 13
1 4 7
16 18 8
11 16 12
0 2 23
20 0 1
5 7 11
2 4 17
10 12 12
20 0 25
20 23 17
22 1 30
23 2 3
4 8 17
16 20 28
7 11 14
10 12 25
1 3 12
5 9 1
23 3 10
2 4 20
16 18 2
21 0 25
6 9 11
10 13 3
12 13 21
19 23 15
1 3 26
19 0 22
11 14 10
19 21 7
17 20 30
4 7 30
0 4 25
3 8 19
11 13 10
11 16 26
2 5 27
14 18 19
1 4 23
5 8 23
19 22 22
12 16 27
8 9 15
20 0 13
2 6 23
0 2 15
0 3 25
22 0 14
14 16 7
11 13 30
5 7 3
18 20 27
11 13 6
21 23 16
18 21 10
14 19 1
9 14 7
19 22 3
15 19 7
19 22 14
9 13 27
9 11 22
12 15 30
5 7 9
21 1 10
17 19 16
3 5 23
13 18 15
0 3 28
1 3 10
21 1 21
9 13 13
20 22 18
1 5 24
1 4 1
18 20 30
20 0 25
2 5 18
17 19 29
18 20 13
16 19 13
5 8 2
13 16 8
18 20 12
10 13 18
6 7 14
4 5 29
23 2 6
15 18 11
0 3 22
0 3 22
5 7 4
11 14 16
22 0 24
18 22 1
5 7 23
23 2 27
10 13 1
7 10 25
16 18 14
2 6 8
9 11 13
3 4 11
3 5 27
9 13 30
10 14 24
16 18 22
2 3 11
6 9 27
17 20 28
21 0 8
3 4 19
16 19 15
13 15 18
8 9 18
13 16 10
12 15 4
7 10 14
4 8 12
15 19 22
5 8 14
0 6 2
18 21 6
22 2 26
12 16 7
15 19 14
22 1 19
0 4 5
20 21 26
12 14 28
7 10 23
4 7 13
0 2 12
23 3 16
21 23 13
11 13 18
14 16 30
15 19 24
6 9 5
17 20 21
5 8 6
23 1 9
4 8 21
0 3 15
19 22 25
23 2 6
14 16 6
14 17 29
8 12 4
12 14 29
23 3 6
20 22 11
22 1 7
23 3 13
15 17 19
14 17 28
7 11 8
4 7 6
3 5 29
3 6 15
21 0 25
15 18 14
5 6 18
21 0 11
21 23 24
20 22 19
10 14 25
16 19 28
9 13 6
18 20 16
14 18 13
20 0 1
16 19 2
20 22 18
5 8 6
12 16 20
14 17 4
17 20 1
13 16 18
10 12 3
3 6 29
7 11 21
7 10 17
18 21 14
12 16 29
4 9 17
7 12 20
5 9 23
0 3 1
1 5 28
1 2 1
8 12 7
10 14 28
5 8 19
8 9 9
19 0 1
9 11 19
17 19 23
4 7 1
8 12 6
5 8 29
15 18 10
6 8 1
4 8 14
20 0 7
13 16 3
4 8 13
9 12 10
0 3 21
22 3 27
23 0 16
22 2 17
4 8 2
3 7 13
2 4 12
0 1 21
7 10 3
10 12 12
10 13 17
5 6 25
3 5 4
1 3 28
8 10 23
13 17 29
23 2 23
2 5 17
0 1 26
14 17 14
12 16 17
6 9 10
11 15 8
10 12 12
23 3 5
2 5 11
8 9 8
0 3 27
12 15 9
16 17 25
15 18 29
23 3 7
22 0 5
7 11 12
14 18 3
19 21 16
17 20 9
11 17 24
21 23 9
19 22 10
2 3 15
10 12 22
20 23 2
5 8 1
11 12 25
12 14 10
15 20 12
6 9 18
8 12 7
19 21 10
21 0 19
23 5 26
14 16 15
8 13 19
9 11 5
8 12 21
17 20 1
16 19 30
13 15 11
17 20 29
17 18 20
15 17 16
3 6 1
8 12 17
10 13 19
5 8 13
23 3 27
11 15 7
22 23 30
15 18 1
14 16 29
0 2 6
1 3 12
12 15 15
13 18 8
10 14 28
15 18 1
18 0 9
5 9 15
12 16 2
12 14 28
8 12 7
21 23 8
4 7 16
11 14 18
18 21 7
3 6 26
20 23 8
7 10 8
9 13 11
14 16 8
4 5 19
0 5 9
18 21 21
6 10 5
9 13 5
1 4 16
6 9 22
1 4 28
7 10 25
15 18 18
9 11 20
14 16 18
17 21 2
15 19 12
9 12 11
14 16 18
2 3 18
2 4 13
10 13 17
9 13 21
0 3 25
6 9 9
3 7 4
10 14 7
17 19 7
0 4 16
9 11 21
17 19 4
20 20 27
11 15 13
22 2 2
10 13 8
21 1 1
3 4 9
14 18 16
8 9 1
6 9 17
1 6 15
23 3 5
5 7 28
21 0 24
7 10 29
12 16 2
5 10 24
6 9 1
5 7 12
7 10 26
2 5 7
7 10 7
14 18 1
20 23 6
12 16 11
22 1 2
14 17 13
14 16 30
2 3 19
15 18 27
5 8 10
4 7 8
9 10 7
19 23 10
15 19 30
2 4 16
15 18 30
7 10 18
13 18 20
21 23 6
19 22 14
18 21 12
11 11 2
14 19 1
19 22 10
17 21 17
11 15 8
11 13 23
17 20 13
10 13 6
21 0 6
2 6 4
6 10 2
3 8 30
16 20 26
11 13 24
17 21 4
11 14 2
18 20 20
5 8 13
6 8 7
1 4 30
19 22 12
16 20 30
20 22 18
4 4 2
0 3 4
22 1 23
2 4 10
5 7 10
22 0 19
1 4 20
20 23 5
21 23 11
15 17 9
14 17 20
18 21 10
18 20 16
17 20 25
16 19 14
3 8 16
5 9 27
2 6 4
11 15 11
3 6 20
2 5 8
22 0 2
0 5 19
6 9 2
16 19 11
10 15 17
15 18 5
8 12 15
4 8 29
4 8 8
18 22 8
15 17 22
18 20 22
10 13 14
6 9 1
16 20 11
10 15 14
1 3 5
7 11 27
17 18 4
17 20 17
4 8 11
21 2 12
11 14 10
11 13 13
12 16 21
19 22 18
0 4 21
11 13 1
20 23 28
21 22 23
3 5 14
1 4 9
21 23 4
5 8 30
8 11 16
9 11 1
18 20 18
5 8 16
7 10 16
21 23 14
11 14 12
22 1 22
7 10 28
9 10 17
9 11 3
6 9 26
14 17 24
6 9 20
16 20 25
1 3 21
1 3 17
14 19 6
2 4 15
3 7 17
14 15 26
17 20 19
4 6 10
13 17 19
15 16 24
15 19 20
1 5 14
17 18 4
16 18 6
0 4 4
10 13 23
10 12 4
14 17 27
7 10 3
3 5 30
5 7 10
14 17 16
3 4 17
15 17 3
0 2 7
0 3 29
23 2 9
2 6 8
14 18 29
14 19 29
6 8 15
6 7 14
13 15 2
9 12 30
17 20 6
8 11 8
4 8 24
19 22 19
18 22 20
8 10 20
1 4 10
23 2 28
8 11 22
5 9 10
21 0 22
0 5 29
10 16 29
21 1 7
15 18 4
8 11 15
21 0 22
8 10 5
14 18 27
16 20 11
20 1 3
1 6 1
17 19 18
23 1 1
3 6 9
12 17 3
22 23 21
21 0 27
4 8 8
8 11 30
2 5 16
11 14 10
16 16 24
14 17 13
21 0 14
2 5 17
3 5 5
20 23 16
2 6 29
12 15 28
23 2 3
15 17 26
23 0 9
13 17 10
8 11 6
7 9 8
16 21 15
23 1 22
10 13 14
11 15 11
1 3 29
12 14 10
6 10 8
18 21 29
4 6 25
7 10 26
21 23 7
19 23 12
1 3 22
18 22 2
7 10 5
20 23 1
19 21 11
2 4 5
13 14 8
20 0 19
19 22 10
1 5 22
9 13 20
7 11 7
13 17 15
7 10 17
18 21 6
14 17 15
19 23 7
20 0 23
13 19 9
1 4 16
7 12 6
5 6 2
7 11 17
14 17 2
1 4 24
22 1 29
21 0 21
7 9 23
20 23 26
22 0 10
15 19 10
22 1 8
6 10 20
13 17 15
20 22 24
22 0 2
12 14 30
0 3 24
16 19 29
18 20 18
5 7 22
14 15 11
18 22 21
6 9 26
22 3 24
6 10 3
23 3 20
3 8 13
17 21 2
18 21 5
15 20 10
20 0 21
2 5 27
13 16 24
0 2 28
12 15 5
1 4 14
19 23 4
9 12 8
5 8 30
1 4 22
10 14 25
4 9 17
14 18 1
6 9 24
13 17 10
12 16 16
0 4 9
3 7 23
13 17 23
19 20 19
9 12 28
23 3 16
21 23 15
10 14 15
21 23 20
4 6 28
22 1 30
10 13 15
16 18 6
1 4 27
1 4 2
20 0 23
22 0 25
7 11 20
10 14 19
9 10 7
10 12 19
1 4 20
2 7 13
4 5 13
0 4 24
22 1 4
6 10 25
3 6 5
1 3 19
3 7 1
20 22 12
8 11 17
17 20 10
18 21 17
5 10 24
3 6 16
4 7 10
19 20 6
18 20 20
20 21 29
22 1 8
3 6 2
21 1 25
0 3 28
1 8 5
7 10 22
13 16 5
22 2 7
9 11 1
18 21 27
3 6 17
7 9 6
14 16 1
5 8 13
6 10 3
18 22 24
15 18 11
16 19 17
23 1 2
7 10 30
0 3 12
1 3 21
3 6 16
22 1 27
19 20 9
11 13 19
19 23 10
4 8 13
9 11 29
2 5 26
9 13 1
19 22 12
5 9 27
18 21 4
10 12 11
8 10 30
13 15 5
18 22 15
7 9 11
9 12 8
11 14 19
2 7 23
18 23 17
22 2 4
5 7 29
16 19 20
1 5 24
13 18 3
16 18 11
10 13 14
5 8 5
22 2 13
3 7 12
20 23 23
23 4 3
4 5 21
16 19 6
12 15 18
5 9 13
5 7 5
23 1 19
14 19 30
9 14 29
1 4 10
0 2 24
3 6 4
11 14 2
4 7 18
6 9 1
6 9 23
2 5 4
23 1 29
22 1 27
19 22 25
10 14 12
5 9 10
2 4 15
11 14 19
5 8 4
8 11 22
5 8 28
2 4 3
12 14 10
18 22 1
2 6 30
10 12 30
16 19 28
16 19 8
14 17 30
11 14 19
21 1 15
5 8 11
20 23 22
11 15 14
22 2 15
13 16 30
9 12 26
15 19 4
15 17 11
13 16 10
2 4 18
5 7 24
16 18 12
13 16 1
16 19 9
5 9 24
5 7 6
23 3 10
4 8 17
13 16 15
3 7 8
4 7 1
5 8 13
14 17 29
13 17 8
8 10 5
10 14 20
6 8 24
13 15 29
15 18 7
23 3 4
1 3 1
5 8 23
7 8 15
16 20 16
14 17 7
1 5 25
5 10 27
11 13 25
2 6 15
6 7 29
0 4 1
18 20 20
18 23 15
4 5 21
11 13 17
9 11 22
9 13 3
9 10 9
19 21 25
7 10 29
19 22 13
5 8 4
7 11 4
22 0 10
8 11 10
17 21 8
18 20 9
1 3 3
20 0 4
12 14 3
21 1 24
8 12 23
17 19 13
4 5 1
9 11 19
7 9 26
5 9 3
9 13 9
14 18 7
19 23 30
0 1 12
9 10 8
8 11 8
11 14 29
10 14 9
1 4 19
16 18 9
1 5 6
21 1 22
15 17 17
23 4 10
11 11 23
19 22 5
19 22 3
18 20 30
1 5 6
17 20 25
21 0 4
15 18 11
10 11 4
3 5 28
15 18 5
4 7 8
22 1 16
20 0 13
5 9 11
3 6 14
16 18 18
16 18 26
2 5 14
2 6 6
1 5 23
9 12 23
19 22 14
18 21 20
16 18 24
0 0 9
1 3 7
6 11 10
14 16 9
2 5 22
0 2 1
19 23 30
14 18 6
9 13 20
16 19 17
4 8 23
10 13 20
18 21 25
22 0 4
8 12 28
18 22 2
6 10 29
17 20 6
10 13 18
12 14 20
17 20 10
3 6 29
9 12 3
2 6 3
2 4 20
16 20 29
17 18 20
16 20 24
20 0 19
16 20 2
2 6 15
3 7 27
23 2 28
5 9 28
4 6 14
21 0 5
11 14 5
7 12 17
2 3 10
9 11 29
10 14 17
21 22 20
8 12 19
20 23 22
18 22 15
23 2 1
5 9 24
1 5 30
18 20 6
14 17 14
20 22 28
6 9 10
6 8 20
16 20 5
0 2 21
10 13 11
2 4 10
17 20 18
1 2 15
13 16 22
22 2 26
8 10 26
17 20 7
19 21 15
4 9 7
1 4 28
2 4 17
6 12 29
18 23 29
7 11 27
21 23 20
7 10 10
17 20 24
3 5 30
19 22 22
8 10 5
2 4 22
8 12 20
10 12 16
23 2 28
11 15 25
16 19 29
15 20 18
7 10 10
18 21 10
0 2 19
12 16 3
2 5 16
20 22 21
15 18 14
16 18 9
3 5 29
19 22 4
3 6 29
12 15 21
5 6 21
16 18 24
6 9 16
7 10 18
16 19 21
11 13 17
5 8 27
17 19 15
22 0 3
15 18 21
18 21 26
7 9 7
23 2 10
6 9 12
10 13 23
3 7 5
1 5 27
22 0 5
2 5 27
17 20 11
1 3 21
17 22 18
12 15 25
14 18 5
15 18 29
7 10 19
17 19 18
7 11 8
22 23 4
15 18 3
15 17 7
10 16 5
18 20 2
2 5 12
0 4 26
20 0 22
17 20 15
20 23 26
12 14 4
6 8 4
4 7 12
21 1 26
3 7 10
1 3 13
18 19 30
0 4 14
20 23 16
21 0 29
13 16 4
21 2 18
14 18 9
11 12 25
0 3 9
5 8 1
3 7 19
18 22 12
19 22 27
4 6 26
4 4 18
11 14 18
7 10 2
19 22 3
17 21 7
15 17 30
18 21 9
9 12 12
10 13 28
15 16 25
2 5 19
18 21 25
14 18 2
1 3 1
15 19 5
0 3 30
0 4 18
7 9 13
0 3 4
4 9 19
9 13 1
23 3 30
7 9 4
9 12 19
7 11 1
22 0 28
3 7 21
5 8 17
8 11 11
22 1 23
22 0 16
22 1 7
8 11 13
17 17 7
6 9 13
8 12 21
16 20 6
3 5 29
8 11 16
11 16 23
0 5 26
21 23 6
17 22 4
22 0 4
9 13 30
10 13 22
23 1 19
1 5 5
5 6 5
12 13 3
7 11 16
8 11 2
6 9 11
9 12 21
11 15 13
11 14 23
16 19 13
12 15 8
18 21 12
21 23 23
19 22 17
18 20 3
15 18 9
5 7 24
15 17 17
20 22 22
19 22 4
19 21 11
9 11 21
8 11 30
2 5 29
13 16 18
15 16 7
18 21 22
16 20 7
2 5 5
14 17 19
13 17 25
20 0 22
8 11 22
10 13 15
4 6 25
3 6 4
0 3 22
10 13 6
17 19 12
14 17 10
9 12 10
19 23 22
19 23 9
20 23 9
5 7 26
13 18 30
20 0 10
20 1 30
9 13 28
20 22 28
22 23 29
3 7 7
17 18 17
0 3 22
17 20 21
0 4 9
1 3 11
6 9 29
7 10 1
20 23 2
10 13 11
7 9 5
18 22 22
9 12 19
22 1 25
19 21 27
17 21 3
20 0 28
0 2 22
16 20 13
18 22 22
21 0 15
17 21 18
18 20 26
22 22 12
23 2 7
14 15 18
1 4 6
12 15 14
0 3 12
0 2 6
8 11 26
2 7 23
22 0 19
6 9 22
11 13 3
15 18 14
0 4 8
7 12 8
15 18 24
4 5 5
21 23 2
12 16 7
13 15 1
18 22 28
21 0 7
20 23 1
12 14 25
13 16 28
2 3 4
8 11 5
3 7 17
13 17 17
18 21 9
7 10 13
19 22 23
3 8 26
18 19 22
4 6 25
3 5 29
12 13 17
9 13 22
9 13 15
18 21 20
16 18 28
17 20 8
4 7 14
3 5 3
20 0 18
9 14 1
21 0 9
10 13 14
9 12 19
18 22 20
20 23 2
22 2 1
3 6 5
12 15 26
13 16 12
17 20 1
20 23 7
6 6 13
4 7 13
3 6 23
10 14 8
21 0 9
18 22 26
9 12 6
4 7 21
22 2 14
19 0 15
20 23 14
11 14 14
8 12 3
3 5 27
14 17 13
20 23 6
23 0 6
17 21 7
16 18 30
7 12 19
5 10 30
16 20 12
2 4 13
21 1 18
20 0 17
20 0 14
4 7 21
21 23 14
17 20 23
8 12 29
18 20 23
18 21 20
21 1 4
4 7 2
6 10 3
20 22 5
11 14 15
13 17 3
3 6 12
21 1 21
17 22 14
10 12 30
13 15 6
9 12 10
1 5 11
20 23 4
13 16 14
14 16 9
9 12 28
18 20 18
10 12 2
3 6 22
21 1 7
17 21 19
12 16 20
3 6 25
9 12 12
15 20 14
2 6 7
7 11 28
23 2 28
17 20 2
8 13 14
16 18 13
20 23 23
18 22 19
20 23 16
17 20 15
7 10 23
13 16 30
16 20 29
2 4 19
1 4 3
3 6 23
11 14 23
14 18 29
15 18 26
1 5 6
11 14 21
10 14 2
0 3 22
6 9 24
1 4 7
10 14 27
22 2 26
9 12 18
4 4 19
18 20 4
10 12 30
6 10 17
6 8 6
15 19 22
3 5 10
21 0 28
13 17 1
10 13 15
11 14 15
18 21 25
22 1 23
13 15 26
18 22 17
9 14 11
13 16 26
14 17 18
16 19 20
8 11 20
2 5 6
23 1 17
8 12 10
18 21 3
23 3 10
3 5 5
9 14 12
13 17 16
0 2 29
14 17 25
16 18 23
3 5 20
15 18 6
12 15 30
0 2 30
19 22 29
17 22 27
23 3 2
23 2 29
3 5 4
9 12 11
19 22 2
18 20 5
8 12 30
0 3 27
0 3 6
4 6 8
5 9 17
12 16 29
23 1 4
8 11 28
6 9 17
21 0 22
12 14 5
0 3 30
20 21 24
21 0 12
12 16 5
16 19 9
2 4 24
10 15 18
22 0 18
2 3 11
4 9 12
11 10 2
0 5 25
21 2 21
0 4 18
6 9 2
22 23 16
6 8 6
20 0 27
15 17 6
3 7 28
3 6 11
7 12 3
19 22 16
16 17 9
4 8 17
17 18 23
21 2 27
12 14 28
18 23 13
17 20 22
2 5 12
10 13 20
21 0 24
13 17 11
10 13 15
14 19 5
4 6 17
6 7 12
14 18 14
7 10 2
12 15 5
15 20 29
1 4 6
13 17 21
4 6 16
12 15 27
13 15 2
2 5 29
9 12 24
13 14 9
10 13 17
9 12 16
10 12 16
23 2 2
8 11 11
2 5 16
10 13 4
17 21 6
14 17 9
18 20 25
4 8 13
21 1 2
2 4 21
1 4 2
14 18 14
18 22 6
19 22 22
13 18 26
19 22 23
5 9 6
15 17 13
17 19 29
13 16 8
13 16 16
15 18 7
8 11 15
21 1 24
21 23 3
13 18 18
21 23 6
6 8 11
11 16 23
3 7 1
16 21 27
16 19 5
2 6 2
17 22 1
12 14 11
3 6 10
2 5 15
6 8 4
0 2 14
19 22 16
3 6 7
8 12 3
9 13 30
1 4 4
22 1 26
10 12 10
19 22 6
11 13 24
6 9 7
13 16 16
7 12 1
12 15 11
3 5 17
20 22 24
10 12 19
13 15 26
8 9 12
23 1 22
7 9 2
10 15 25
23 0 16
10 13 11
10 12 24
2 5 30
14 17 11
16 17 21
8 10 19
20 22 21
1 4 7
1 4 11
11 13 28
6 9 7
7 10 29
10 12 22
22 1 9
5 7 9
21 22 2
5 9 14
21 0 30
6 9 19
13 17 26
23 2 8
16 21 28
5 7 13
18 20 22
17 19 24
21 2 25
12 16 6
23 1 29
8 11 23
15 19 21
9 13 20
18 21 22
11 14 10
0 2 18
13 17 9
3 7 23
0 3 29
11 14 20
0 3 5
2 6 17
12 15 9
5 8 12
20 0 16
8 12 19
1 3 13
4 9 19
2 5 20
4 7 12
20 23 2
20 23 25
18 21 13
12 15 13
14 17 13
20 23 6
5 9 16
1 3 12
2 3 19
9 11 16
11 14 24
9 11 6
5 7 8
12 14 6
9 11 25
21 23 5
14 19 1
4 9 19
0 3 8
14 17 16
18 21 7
6 9 24
12 15 3
14 18 17
16 20 18
2 6 4
10 12 23
18 23 30
22 3 15
4 6 27
15 19 24
5 8 14
10 14 18
20 0 7
5 9 19
23 2 13
7 11 13
20 23 3
3 5 3
13 18 21
13 17 27
15 18 7
10 16 27
12 16 7
18 20 6
10 12 11
13 16 6
22 3 14
1 5 6
4 8 12
9 13 24
0 6 22
22 1 14
22 22 2
4 8 28
19 23 13
17 19 12
13 15 14
7 10 10
2 4 25
17 20 16
9 11 17
8 10 19
1 3 10
15 19 3
8 10 30
21 0 1
17 20 30
10 13 9
8 12 14
2 4 14
0 4 21
16 20 18
14 19 25
9 13 4
23 2 19
18 21 20
14 16 7
0 3 30
22 1 7
11 13 5
18 21 17
0 2 13
7 8 13
9 13 2
5 8 30
8 12 11
8 10 19
21 1 20
22 2 2
23 4 20
5 8 3
3 5 12
21 22 22
13 17 28
20 23 8
3 6 13
12 13 11
15 19 5
23 2 9
15 18 27
2 6 15
18 20 30
6 10 1
2 4 24
8 11 16
9 11 2
3 5 3
17 20 9
3 6 22
18 21 27
22 2 6
1 3 23
21 1 12
11 13 13
16 18 18
20 22 7
14 16 3
5 7 19
21 0 20
20 0 8
0 2 20
23 2 9
0 3 7
6 9 6
14 16 9
8 11 18
0 3 4
0 3 23
7 9 9
3 7 24
8 11 23
12 15 1
10 14 21
1 3 14
18 22 28
6 9 22
12 14 19
17 22 15
16 20 17
18 21 10
18 21 7
7 10 23
18 23 28
21 23 5
2 5 24
4 7 7
9 10 15
14 19 25
3 7 12
10 15 2
18 22 3
18 22 2
14 16 7
0 2 12
6 10 7
15 18 12
7 12 10
2 4 4
3 5 22
3 7 14
11 15 27
12 15 20
0 4 22
2 4 26
2 5 19
18 21 18
20 0 15
14 16 8
23 3 20
7 8 20
7 9 27
5 8 20
5 7 5
14 15 14
16 21 9
12 14 28
21 23 14
16 20 11
15 19 6
8 10 26
13 15 27
23 3 6
11 14 29
10 11 3
18 22 23
7 10 12
21 22 23
12 16 15
5 9 11
9 11 3
21 2 21
19 22 9
0 3 18
19 22 30
1 2 2
22 2 25
11 13 6
4 7 30
16 20 7
6 9 28
11 14 7
23 2 13
20 22 25
21 1 6
21 0 22
18 23 24
5 9 9
14 16 16
3 7 27
9 12 9
19 22 22
7 10 7
20 23 27
17 17 19
23 2 7
22 0 7
0 3 20
8 11 9
12 16 6
16 18 18
16 19 26
1 5 25
20 0 10
18 22 14
22 3 25
2 6 1
18 23 6
5 8 8
11 15 19
6 7 9
19 21 27
19 23 16
23 1 12
12 15 9
13 18 26
13 18 8
3 7 25
18 19 9
12 15 16
6 10 3
11 15 13
9 13 14
19 1 8
17 19 27
21 23 6
16 19 22
23 3 20
9 12 8
4 8 16
12 14 7
22 1 29
0 3 22
1 3 24
3 6 4
22 2 2
11 14 12
4 8 14
5 7 18
5 7 25
13 16 25
1 4 24
18 20 28
15 21 7
15 18 22
20 23 2
2 7 11
6 10 13
12 14 23
7 11 5
22 1 16
7 10 11
13 15 16
20 23 6
2 6 26
6 11 12
2 5 8
10 14 27
18 19 26
15 19 12
7 10 26
19 21 7
3 7 29
17 19 28
7 10 11
1 4 25
8 12 16
16 20 23
8 10 24
17 20 11
17 20 23
16 19 3
8 11 3
3 8 7
1 5 23
8 10 17
19 21 18
0 3 7
2 5 4
22 2 10
17 19 18
11 15 13
5 9 30
16 19 27
10 13 22
22 1 18
10 15 10
2 5 11
14 19 27
4 7 18
14 16 26
11 13 20
16 19 18
21 0 10
8 11 10
6 7 28
16 18 18
8 11 15
17 19 18
8 10 25
9 13 10
7 8 22
10 13 24
4 4 18
4 8 14
10 12 11
10 12 30
22 1 24
17 19 14
6 10 10
2 3 30
17 20 25
4 7 18
11 15 15
17 19 27
1 3 29
13 17 19
18 21 14
7 11 26
7 11 19
0 3 4
18 20 12
20 0 15
3 6 4
10 13 24
18 22 6
19 22 28
8 11 10
6 9 29
1 4 3
13 16 17
11 14 7
22 3 29
14 17 7
23 2 30
4 7 12
9 12 5
1 4 17
10 14 29
3 7 11
16 21 4
5 8 3
17 20 11
5 8 21
15 17 10
5 8 15
11 16 3
14 18 15
9 13 25
8 13 2
11 17 5
9 12 29
1 4 18
11 15 26
8 12 25
4 8 24
4 8 18
5 7 15
22 0 4
12 15 29
11 13 27
16 19 25
17 20 18
3 6 6
10 12 21
15 18 24
0 2 27
13 17 19
12 16 3
9 10 7
0 5 24
11 14 10
22 0 4
21 23 16
7 11 11
23 1 6
19 21 11
7 11 18
1 5 13
12 15 8
8 12 29
6 8 14
20 21 10
1 4 21
13 17 4
4 9 10
5 9 24
15 18 29
23 2 20
7 8 4
20 22 6
9 15 5
10 12 9
2 5 21
13 14 19
11 14 14
1 3 20
22 3 2
22 2 7
18 21 17
19 21 30
11 14 7
11 15 30
21 23 29
6 9 20
5 8 16
4 7 11
0 4 15
22 2 1
21 2 16
10 13 10
10 13 1
5 7 4
1 6 12
4 7 26
9 12 25
9 12 20
10 13 21
1 6 1
19 23 22
16 17 5
15 18 8
16 19 16
5 9 8
13 15 29
4 6 23
5 10 4
4 8 30
20 0 22
22 1 30
8 12 9
23 2 28
22 2 24
9 10 27
12 14 7
7 10 6
12 13 4
20 23 25
22 1 26
19 23 4
3 6 26
15 18 1
19 22 14
22 2 3
23 2 16
8 11 29
9 13 21
14 16 2
5 10 18
16 18 27
9 12 26
23 2 18
10 13 30
9 11 29
16 18 13
20 23 6
18 21 14
10 15 11
18 19 23
12 16 1
18 22 21
16 20 12
0 3 20
21 23 19
15 19 14
8 12 1
10 15 3
6 10 25
3 5 5
8 12 25
15 16 15
8 10 8
19 23 8
8 11 12
19 21 19
16 20 27
10 15 26
19 22 30
8 9 22
9 13 23
16 18 16
11 14 4
12 14 21
8 11 12
3 7 13
17 21 7
5 8 19
18 21 22
6 9 15
14 16 11
1 4 1
15 19 12
22 2 17
9 13 5
12 16 27
8 11 10
18 21 6
12 15 20
21 22 12
23 1 4
21 0 9
10 12 13
9 12 3
17 20 5
16 19 17
21 0 26
17 20 2
9 12 18
20 0 12
14 17 29
14 19 2
13 17 19
1 4 10
13 17 7
0 1 1
4 8 30
21 0 21
7 10 6
4 7 12
20 22 19
11 14 22
8 11 11
19 22 4
18 23 29
17 20 17
10 14 5
0 4 18
14 18 2
13 16 22
3 5 22
6 8 24
10 13 15
9 13 18
12 13 12
16 17 25
21 23 22
15 17 16
13 17 10
22 3 24
22 0 10
10 12 11
1 5 30
9 10 1
2 5 1
0 3 15
3 6 28
18 21 23
1 2 5
17 18 19
6 8 16
2 4 29
9 12 26
5 7 24
6 11 7
15 17 1
3 6 1
17 21 27
9 11 29
20 22 10
22 1 17
12 15 5
3 6 21
22 1 27
2 6 30
8 11 15
5 8 7
1 4 2
0 5 14
21 0 24
8 9 24
10 14 30
6 10 26
17 19 19
11 15 12
18 19 6
7 10 27
10 12 20
9 12 2
8 11 25
23 2 7
17 20 21
12 16 10
4 7 18
4 7 23
5 7 1
15 19 4
10 15 4
11 13 22
15 18 3
19 20 20
3 6 19
9 11 3
5 9 14
23 2 22
1 5 22
10 13 27
8 10 2
3 6 27
13 15 19
9 12 18
15 18 28
22 0 30
23 4 12
20 22 15
21 22 19
16 18 15
8 12 5
19 22 20
12 16 7
9 13 16
4 6 23
17 20 5
4 6 1
23 3 17
14 16 10
15 18 29
6 8 27
11 13 24
11 13 20
11 16 5
6 10 19
14 17 21
7 11 26
15 17 13
10 14 27
21 0 17
4 6 19
7 8 16
2 5 24
12 14 23
9 12 20
17 22 18
19 22 30
9 13 22
10 14 25
14 17 12
8 11 5
10 13 5
16 19 9
16 18 9
6 8 24
11 14 6
5 8 10
12 16 22
16 20 23
18 21 16
4 6 21
13 15 7
11 14 2
20 23 21
19 21 23
16 20 10
22 0 15
11 12 10
16 19 17
14 17 14
13 16 24
2 5 24
2 4 30
3 7 22
16 20 18
8 12 29
16 19 14
12 15 21
20 0 23
15 18 19
3 5 5
5 9 27
19 22 29
2 5 28
8 12 27
8 12 13
4 7 14
20 22 12
18 1 24
13 15 10
7 11 1
1 3 11
8 11 22
11 14 5
7 10 30
16 17 28
18 20 5
15 19 5
4 7 1
18 21 28
13 17 2
13 15 8
17 21 3
8 12 28
13 15 1
20 1 26
13 15 7
18 21 23
4 8 3
23 23 14
21 1 1
8 9 6
23 1 19
7 10 23
5 9 20
4 7 8
13 16 23
18 21 30
0 3 24
11 14 14
20 22 26
22 2 30
1 3 29
19 0 16
7 9 19
17 18 25
10 14 11
19 21 9
14 15 23
2 6 4
0 2 9
3 5 13
15 18 27
13 16 3
19 21 5
20 23 5
21 0 17
21 23 28
8 11 8
16 18 19
13 15 26
3 7 14
10 12 27
10 14 10
4 7 21
0 3 3
10 11 2
13 16 2
22 0 25
11 15 11
22 1 4
23 0 23
11 13 23
7 11 19
16 20 4
4 7 17
7 8 24
4 6 10
11 14 6
17 19 19
11 13 2
15 20 6
13 15 11
12 16 25
14 18 4
20 0 7
14 16 1
22 23 9
13 16 23
20 20 24
1 4 2
16 19 26
0 1 9
14 15 5
9 10 18
7 9 26
1 3 24
6 8 10
5 9 28
15 19 22
3 5 17
8 11 6
19 23 30
21 23 20
12 15 29
3 6 11
0 3 25
7 11 14
10 14 4
17 20 16
10 14 9
14 17 6
16 19 18
9 13 20
15 19 8
20 23 6
21 0 14
12 14 5
17 20 3
4 7 26
18 22 13
3 7 23
10 12 26
4 7 24
4 6 12
6 8 3
11 14 14
6 10 10
8 11 13
22 0 29
13 15 3
9 11 9
11 13 13
8 9 6
14 18 1
20 0 27
21 22 19
0 3 14
16 18 14
10 13 21
11 13 6
14 16 11
5 9 16
1 3 23
15 17 12
15 16 16
10 13 28
1 3 5
10 12 10
7 10 28
11 13 26
18 21 11
9 12 17
9 14 8
1 5 2
8 12 23
1 3 10
3 8 14
5 7 13
20 23 27
15 18 12
17 20 8
18 20 12
9 10 5
15 18 28
14 18 25
17 19 19
16 20 27
8 12 21
5 8 4
5 8 13
2 7 10
3 7 25
11 13 13
1 4 29
3 8 19
15 20 11
0 3 12
6 11 21
1 4 8
9 12 21
1 3 1
13 17 8
4 7 29
1 5 8
0 3 29
5 8 30
9 12 28
21 0 19
11 14 6
21 0 4
8 9 26
5 10 27
4 7 9
21 22 15
17 20 7
14 18 20
0 2 26
7 10 20
23 4 6
1 5 25
20 0 18
5 7 17
9 13 29
16 19 1
23 2 17
21 1 8
14 16 9
4 6 3
9 13 1
13 17 20
5 7 16
20 0 1
20 22 20
3 5 23
22 2 27
3 6 12
19 22 17
5 8 15
20 21 30
20 22 29
18 20 10
13 17 5
5 9 23
8 11 22
23 0 13
1 3 2
20 22 8
15 18 1
22 0 14
12 15 24
0 2 8
15 20 5
1 3 17
21 0 15
3 7 10
6 8 10
16 22 8
1 3 23
6 8 8
12 15 20
2 3 26
21 0 12
14 18 7
9 11 8
11 14 28
4 7 22
14 17 21
21 2 5
3 8 18
19 23 24
5 9 11
10 15 19
23 2 22
12 15 9
17 20 9
15 18 20
6 9 23
23 1 10
20 0 6
14 16 20
2 5 27
20 23 20
10 12 8
17 21 17
1 4 6
1 4 13
13 15 16
7 11 2
20 22 17
21 23 15
15 18 29
12 14 20
14 17 4
22 2 27
16 18 21
0 3 22
2 6 21
2 6 22
6 9 29
9 12 7
4 8 28
15 19 8
18 20 25
6 9 9
22 1 27
23 3 10
2 4 19
20 21 2
9 11 17
8 11 14
11 14 20
6 10 15
13 17 2
21 0 28
7 8 30
1 5 7
12 16 13
16 19 27
16 18 29
17 19 2
6 10 15
14 18 16
2 5 13
11 13 9
19 23 10
14 17 9
6 8 2
16 19 15
1 3 28
4 9 13
9 12 11
18 21 6
12 15 25
16 18 21
15 16 20
10 13 14
9 13 28
1 3 18
1 2 20
22 0 10
14 17 22
4 9 14
13 13 5
2 5 9
8 11 4
22 1 30
20 0 29
21 0 26
17 21 28
4 7 20
10 14 3
14 18 17
15 17 22
3 7 3
14 18 25
12 15 3
21 22 16
22 0 8
7 10 17
22 1 21
0 4 18
23 3 12
6 11 13
23 2 1
11 14 16
20 23 28
17 21 11
15 17 15
11 14 18
19 20 23
9 14 22
11 14 13
2 5 9
9 12 11
14 17 19
20 23 15
13 17 23
1 5 27
2 5 20
12 15 11
3 5 20
1 4 3
21 1 15
15 17 26
21 1 16
0 4 19
21 0 9
19 22 11
17 20 10
14 18 20
19 22 6
21 2 18
13 16 3
9 11 8
19 22 3
11 13 11
14 17 28
8 13 19
16 19 19
5 7 20
6 11 18
21 1 20
3 7 17
0 2 24
1 5 26
17 19 29
10 10 1
6 10 19
10 13 15
18 22 19
14 16 24
17 21 11
3 8 8
21 23 10
12 17 12
9 10 6
23 2 3
16 18 8
16 17 23
3 5 29
19 22 14
15 19 13
10 13 5
12 16 13
10 14 1
10 12 28
1 3 18
7 10 30
10 13 19
12 16 2
2 7 21
2 6 21
9 12 17
0 3 15
21 0 14
10 13 13
0 2 2
8 10 15
21 0 6
20 1 29
23 1 8
4 6 19
9 12 29
14 18 8
23 2 15
21 0 17
10 13 15
18 20 13
1 1 23
17 22 2
8 11 11
11 14 5
4 6 12
13 16 16
2 6 28
15 18 13
7 9 24
11 14 28
12 15 24
12 16 25
8 10 29
9 12 30
7 11 19
12 13 18
5 8 1
8 9 1
3 6 27
23 3 28
6 8 17
0 3 10
0 3 9
1 4 26
8 12 23
22 2 16
19 21 22
22 2 28
9 11 20
12 14 17
0 3 4
23 2 10
3 6 14
20 22 28
0 5 22
14 16 23
3 6 23
3 6 29
5 8 20
4 5 11
6 8 4
9 12 14
10 14 29
8 12 26
16 19 7
11 14 27
5 8 14
4 8 9
3 7 2
6 9 13
23 2 13
9 10 18
17 19 20
6 9 28
6 8 23
7 8 5
7 12 19
2 6 28
22 0 1
20 0 26
14 16 5
18 20 7
13 17 11
19 21 24
14 17 6
17 18 22
10 12 3
13 15 7
15 18 22
19 23 17
10 13 16
19 21 16
20 0 23
21 23 16
2 6 18
10 13 3
5 10 24
6 11 3
22 0 19
23 3 9
18 20 10
1 5 13
0 6 8
2 3 28
20 22 25
1 4 3
3 7 27
15 17 9
9 13 5
19 23 1
1 4 25
16 20 29
22 3 5
22 23 14
21 1 24
22 2 24
8 12 19
16 19 7
18 23 7
5 8 30
19 0 22
17 20 4
19 22 19
5 8 21
8 10 5
0 3 11
5 7 21
18 23 3
10 13 19
20 0 13
5 8 3
18 23 26
6 9 12
21 1 17
9 12 7
21 22 3
5 10 19
20 0 30
17 18 20
4 7 17
15 19 28
20 22 20
16 17 17
16 18 25
13 17 13
2 4 28
11 15 28
21 23 23
4 6 30
10 13 9
21 23 9
21 1 7
20 21 10
17 19 23
17 19 13
21 0 15
0 4 25
0 3 4
7 12 27
4 7 25
8 10 8
16 20 21
22 1 7
2 5 13
0 2 16
2 5 6
5 10 25
4 8 9
6 10 14
22 2 7
19 22 18
20 23 22
9 13 12
18 20 22
7 11 13
6 8 21
15 19 3
13 16 6
6 10 17
21 1 10
4 9 23
21 0 11
18 21 11
5 9 15
17 20 13
4 7 28
7 10 28
7 8 6
3 4 23
12 15 20
19 0 6
13 17 12
7 10 22
20 23 2
11 14 24
18 19 5
22 2 29
0 4 10
9 12 24
4 8 7
1 4 19
0 2 8
5 9 28
3 6 29
21 1 6
7 9 26
16 19 18
21 23 5
6 9 9
15 19 2
2 4 21
1 5 3
20 23 3
10 12 6
12 16 24
1 3 19
12 14 11
1 4 11
14 17 8
15 17 30
11 14 27
7 11 21
20 0 22
23 2 17
0 3 30
2 4 26
20 1 4
17 20 22
2 5 23
21 23 12
16 19 2
0 3 20
23 4 22
13 16 16
2 6 12
7 9 3
11 14 19
4 7 20
8 12 13
0 2 16
23 2 29
4 8 26
21 23 3
1 3 22
3 5 2
19 23 19
17 22 1
13 16 13
20 23 6
7 10 19
5 7 17
20 22 2
9 11 13
14 17 1
8 12 29
14 18 18
9 13 1
1 3 26
2 6 13
20 0 10
0 3 9
7 10 17
9 12 21
23 3 29
17 21 30
18 21 6
10 15 8
12 15 10
10 15 9
13 17 29
8 11 14
9 12 10
13 17 24
21 23 8
2 3 13
3 6 11
16 19 15
10 13 12
2 6 19
5 9 10
11 13 22
14 17 16
23 3 25
12 15 17
23 2 9
22 1 25
16 19 8
13 15 22
14 19 5
5 7 29
14 15 26
12 16 22
10 12 7
15 17 14
21 1 8
16 20 7
3 5 16
6 8 11
3 7 26
1 5 17
21 1 7
9 12 11
23 1 25
23 3 24
20 23 25
9 12 17
12 14 4
11 12 23
13 16 28
1 5 23
9 13 16
19 0 22
12 15 4
16 18 30
19 22 29
14 19 24
17 18 30
8 10 30
7 10 18
13 14 1
7 10 3
2 4 3
2 5 8
17 20 14
19 21 9
4 9 13
8 11 23
16 18 26
22 2 28
6 8 7
10 13 4
8 9 8
0 3 2
19 23 30
11 12 28
17 20 9
23 1 7
17 18 1
4 6 27
2 6 27
4 6 24
4 7 23
1 4 3
12 15 27
0 2 13
0 2 4
18 20 26
11 12 1
8 11 20
2 5 23
22 2 24
7 10 24
21 1 21
12 14 19
9 12 18
9 14 6
13 14 21
8 13 26
17 19 26
22 0 2
3 4 19
23 4 22
16 18 29
20 23 12
22 1 11
5 9 11
0 2 19
9 13 1
15 19 3
14 17 26
5 6 27
8 12 10
3 7 24
14 18 29
19 23 1
15 19 2
19 23 11
3 5 28
9 12 9
1 4 30
19 21 27
16 19 20
14 16 2
8 11 7
20 23 6
7 10 14
19 21 17
20 1 16
18 21 14
7 10 24
2 5 12
14 18 7
5 9 2
23 0 21
18 20 26
21 2 13
0 2 9
18 19 6
12 16 7
0 3 11
23 4 2
0 2 29
10 13 7
2 5 6
2 5 9
19 23 24
11 15 18
18 21 15
15 19 4
2 4 16
21 22 4
17 21 6
16 19 19
21 1 3
22 0 16
2 4 6
21 0 24
9 12 10
11 14 5
2 5 5
18 22 28
8 12 6
11 15 13
1 5 9
0 3 7
9 11 6
13 13 15
11 15 24
3 7 18
0 4 8
19 21 1
15 18 28
23 3 25
20 22 23
7 8 30
11 14 30
6 8 6
7 10 28
10 13 28
4 8 29
19 22 5
11 14 22
20 21 30
21 23 5
10 13 18
6 9 15
19 20 4
11 14 27
13 16 14
10 13 24
4 6 28
20 22 17
19 22 28
15 19 28
20 22 11
23 3 12
6 10 17
21 23 24
22 2 29
21 0 17
21 2 16
4 8 14
21 2 23
3 5 9
22 1 30
0 4 9
18 22 28
14 18 12
12 15 20
3 5 12
14 16 18
9 12 12
11 13 14
13 15 25
0 2 21
2 5 28
7 9 15
18 22 22
13 16 7
20 21 5
14 17 18
21 22 13
9 13 9
16 21 12
14 17 30
16 19 21
2 5 25
19 21 11
6 11 6
21 23 15
11 15 27
9 15 4
16 18 7
0 3 28
7 9 21
13 15 3
1 2 1
6 8 17
18 21 19
13 17 20
9 13 13
5 8 24
1 4 11
10 14 5
21 0 20
21 23 24
1 4 27
11 14 10
9 13 1
6 11 5
23 1 23
16 19 18
16 18 20
13 14 24
2 6 24
0 2 23
22 2 28
5 10 25
20 21 29
15 19 9
17 21 3
4 6 4
13 16 17
18 20 16
19 21 6
17 20 7
4 5 3
9 15 1
15 18 22
21 0 17
18 20 29
11 15 27
20 1 21
7 12 19
13 15 3
19 0 28
15 17 28
16 16 27
20 23 21
16 20 16
18 20 7
12 18 19
21 1 8
17 19 19
23 2 2
18 19 8
11 14 27
5 8 11
15 18 8
16 18 16
12 15 14
7 11 21
20 0 12
5 9 3
12 15 13
1 3 14
7 7 19
13 17 26
19 20 30
7 11 20
21 1 14
21 1 2
10 14 6
20 23 11
20 23 14
12 16 10
0 2 10
20 23 6
11 15 15
20 23 19
6 9 27
15 18 1
10 11 19
10 11 15
3 4 23
3 6 11
11 14 21
21 0 25
21 0 8
0 5 30
22 1 11
18 20 4
1 3 2
2 4 23
22 1 24
3 5 9
23 4 13
11 13 25
18 22 30
18 23 17
1 3 10
21 1 17
5 8 18
11 15 15
14 17 29
15 18 22
11 14 10
21 1 8
10 13 25
21 22 10
12 15 26
11 16 9
10 13 25
7 8 16
17 21 17
1 4 1
12 15 26
3 7 3
0 5 14
23 4 25
3 9 5
13 17 15
6 9 8
3 7 13
17 18 1
7 11 27
11 15 8
15 19 21
0 3 30
17 20 24
14 18 28
0 4 1
3 6 9
17 19 16
7 11 20
21 1 29
18 21 4
1 4 20
12 15 15
13 17 22
22 3 11
4 6 22
13 15 30
11 15 26
14 18 20
16 19 20
9 12 26
2 6 12
1 3 28
18 20 3
17 21 6
7 11 26
16 19 7
13 17 11
14 17 10
23 2 26
7 9 30
20 23 22
12 15 6
20 22 22
10 12 24
8 12 20
22 1 21
10 12 14
16 20 13
7 9 24
21 0 25
14 17 28
11 13 13
15 17 14
19 22 29
2 6 9
4 6 19
17 18 24
14 17 10
17 18 1
18 21 1
15 18 26
7 11 17
0 3 29
14 19 29
7 9 22
22 2 11
7 9 26
9 13 20
16 19 24
21 0 23
0 4 12
2 4 24
8 10 13
2 6 30
8 11 24
11 12 11
20 1 4
19 23 15
23 1 22
15 17 14
11 14 7
0 3 9
8 10 27
20 23 19
17 21 7
20 23 13
9 11 18
0 5 23
9 12 7
1 4 6
11 15 30
21 0 23
15 17 2
5 9 8
10 13 11
21 0 24
8 12 27
22 0 11
20 22 8
13 17 28
18 22 5
10 13 24
7 10 30
23 2 25
2 5 10
12 15 23
20 23 4
15 18 23
11 13 27
1 4 12
17 19 15
0 2 5
9 13 1
5 9 12
22 2 7
19 23 14
3 6 27
6 10 27
1 5 24
17 19 26
5 8 23
12 15 1
10 12 10
21 1 2
5 9 18
5 7 17
17 20 12
6 11 19
16 18 16
14 17 14
22 1 1
16 18 2
12 15 24
16 18 19
18 19 25
20 23 4
3 6 6
19 21 1
2 4 10
5 9 7
15 17 23
16 21 29
1 3 18
19 0 14
15 17 3
8 10 9
0 4 16
20 23 17
18 22 28
0 2 9
23 1 10
16 18 13
1 5 23
7 8 13
6 8 3
22 1 5
4 8 21
11 15 22
4 7 30
15 17 28
4 7 30
3 6 17
15 19 17
13 15 20
18 21 9
2 5 8
17 21 7
21 22 15
9 11 23
12 14 21
23 3 12
11 15 8
22 2 23
23 1 25
18 20 28
1 3 3
8 9 6
19 20 27
1 2 13
21 0 25
2 4 17
17 20 12
21 23 19
5 9 24
17 20 14
20 23 8
19 22 19
2 3 16
0 3 6
5 7 11
4 8 6
14 17 12
4 9 18
0 4 25
10 13 8
5 8 7
4 8 21
5 8 10
13 17 10
8 11 3
0 1 10
0 4 1
23 2 25
22 0 1
9 11 28
10 13 14
16 18 3
8 12 14
7 11 15
18 22 12
11 12 27
22 1 21
19 23 15
4 7 26
1 4 6
13 15 4
18 21 5
21 0 21
23 3 16
18 20 19
5 9 3
4 8 9
21 23 11
18 21 10
10 12 29
2 6 16
8 11 19
4 8 27
20 22 19
10 14 7
1 4 8
1 4 13
1 4 8
7 10 11
8 12 17
4 6 21
2 5 18
2 6 27
3 5 29
11 13 2
4 7 28
10 12 30
21 23 20
6 9 16
22 1 17
17 19 20
0 1 1
19 22 16
11 13 6
3 5 12
12 15 17
7 10 18
12 13 4
6 10 9
13 16 25
7 10 21
22 23 7
6 8 19
3 5 13
13 16 3
2 6 27
6 10 17
6 8 14
14 17 16
13 15 4
16 20 26
0 1 26
15 16 16
17 20 27
20 22 21
14 17 6
0 3 9
21 23 16
1 5 30
22 0 3
17 20 3
1 5 17
23 3 5
7 9 5
0 3 9
14 17 21
15 20 15
3 6 15
22 2 17
20 23 28
0 5 4
0 5 12
11 15 30
3 6 21
5 9 10
20 21 16
9 13 5
0 3 28
18 21 9
8 14 10
13 15 10
14 18 19
19 20 7
21 2 28
21 0 19
10 14 29
9 12 29
3 5 22
9 11 23
0 2 3
14 16 9
10 14 4
5 10 16
20 0 13
19 1 9
0 3 1
14 17 30
13 15 17
16 19 12
9 12 28
20 0 5
4 5 15
15 17 10
11 14 30
15 17 7
10 14 2
16 20 18
0 3 20
11 13 24
3 6 7
13 16 2
6 10 26
6 10 13
23 2 16
2 6 28
22 2 17
1 4 12
4 8 16
7 11 8
19 20 18
19 21 11
6 10 22
2 5 3
2 4 18
15 17 19
6 9 2
19 21 16
19 23 28
10 12 14
3 6 3
12 16 11
13 14 20
22 0 1
13 14 10
3 7 5
2 5 15
0 4 6
0 3 28
13 17 22
16 20 16
12 14 22
12 16 29
22 1 11
7 11 30
6 9 21
21 0 28
5 8 17
9 14 23
21 0 8
21 23 2
19 22 20
0 4 11
4 9 12
7 10 6
3 7 9
3 7 10
14 17 27
5 8 26
18 21 7
14 17 28
20 1 16
9 13 14
7 10 26
8 12 24
2 4 29
16 18 21
22 2 25
3 7 1
0 4 2
19 23 14
23 2 3
12 14 3
0 3 13
17 20 1
4 7 29
12 17 14
8 11 20
15 19 18
19 20 30
22 4 14
13 15 8
10 13 22
4 7 7
4 8 13
1 4 15
22 1 12
15 18 6
19 22 4
22 2 2
11 14 25
21 22 17
14 16 2
16 20 14
6 9 28
16 20 27
14 17 8
20 0 28
8 10 23
15 18 26
22 0 27
21 0 20
13 17 7
7 11 15
1 4 11
3 5 29
3 7 4
22 1 22
11 15 13
0 3 5
11 13 9
10 13 23
0 3 14
10 13 20
13 16 13
10 13 4
13 16 27
19 23 17
1 4 24
1 5 9
11 12 11
5 9 17
12 15 13
10 12 2
9 11 26
21 0 15
17 20 26
22 1 4
11 13 30
9 12 9
11 13 11
17 21 17
21 0 27
7 9 8
0 5 12
10 13 12
22 0 4
18 20 10
2 5 16
0 4 14
11 13 29
18 20 2
9 12 2
18 22 16
4 6 25
1 3 25
18 20 24
22 0 25
5 8 8
14 17 11
13 15 5
2 6 19
14 16 30
14 18 21
7 9 17
12 14 18
17 20 24
14 16 4
8 11 25
8 12 13
5 7 30
15 16 29
7 10 10
0 3 9
13 15 11
8 11 30
3 7 13
13 18 1
23 4 12
21 23 14
9 12 21
18 22 7
8 12 29
9 12 6
3 5 27
21 23 23
12 15 15
23 2 9
5 8 20
19 22 3
14 16 24
13 17 10
2 5 18
8 10 8
5 7 6
17 20 17
18 20 21
12 16 16
3 6 13
11 13 3
1 4 13
3 6 25
2 6 18
17 19 29
11 13 17
18 21 15
19 23 19
17 20 11
23 2 25
19 23 21
6 8 23
7 9 17
8 10 17
19 0 6
14 18 25
8 12 10
5 8 29
10 13 13
17 21 2
19 23 8
17 20 23
5 10 18
8 11 11
9 14 14
4 7 20
0 3 26
0 2 17
9 11 30
15 18 2
0 4 28
1 5 19
22 23 8
0 3 14
11 14 13
16 19 15
11 13 30
16 18 9
3 5 13
5 7 2
21 1 11
14 15 3
19 22 27
23 2 16
10 13 28
3 7 24
23 4 25
11 14 6
20 22 18
1 4 12
19 22 23
0 6 30
5 9 13
11 14 10
22 0 24
9 13 4
5 8 10
10 14 14
3 5 13
4 9 29
19 22 3
23 2 19
3 7 22
21 23 6
12 15 8
6 9 6
0 5 23
16 19 14
14 18 27
7 10 3
6 9 5
18 20 5
21 22 14
9 12 14
17 19 22
8 12 5
21 0 17
0 3 29
0 4 27
9 11 14
20 22 13
18 20 3
10 14 25
2 6 7
19 21 29
19 23 4
3 6 7
9 13 6
9 12 26
0 4 5
18 21 1
2 5 20
0 4 11
7 10 23
0 4 14
1 5 4
5 9 8
9 11 29
19 23 1
18 21 4
9 10 4
21 0 9
3 5 4
0 3 12
3 5 16
8 12 20
0 3 23
18 20 23
16 20 20
19 21 12
3 6 4
18 22 2
3 6 5
16 18 15
21 23 6
18 19 30
19 21 22
22 1 18
8 12 27
13 17 27
8 10 26
3 6 28
16 17 30
15 20 19
8 12 26
17 20 17
17 20 7
11 14 8
11 15 21
14 16 11
13 17 28
2 6 20
5 8 3
4 7 15
1 3 21
17 19 21
16 18 3
13 16 17
19 22 14
10 13 6
19 21 13
19 23 25
6 9 25
15 17 4
12 15 16
3 4 24
19 22 6
1 4 22
17 19 12
0 2 11
20 22 12
17 21 8
7 12 27
4 8 2
5 7 26
23 1 17
2 6 6
5 9 15
5 6 30
9 12 3
0 4 21
4 5 5
16 18 23
12 15 1
1 4 4
0 3 19
20 23 6
15 18 7
1 5 14
5 9 5
0 3 19
4 8 16
4 7 30
13 16 1
13 17 25
13 16 29
3 6 8
8 12 3
16 20 27
13 16 17
23 0 10
15 17 23
4 9 24
15 19 16
10 13 12
11 15 18
1 4 12
21 0 2
20 0 5
0 4 27
20 23 25
3 5 6
1 4 9
4 5 21
6 11 11
23 3 8
12 14 19
8 9 28
4 8 16
23 2 26
17 21 29
13 15 12
1 3 12
16 19 29
13 15 16
5 8 6
1 4 1
16 18 10
0 2 11
20 0 10
21 23 26
15 17 9
1 5 26
23 3 21
3 5 10
13 16 30
16 20 13
0 3 13
21 0 20
3 7 14
10 13 2
11 13 25
8 11 26
21 1 21
2 5 4
8 11 12
6 8 7
8 12 22
19 22 21
20 21 2
15 20 21
11 13 21
11 15 6
18 22 17
1 3 13
7 8 12
8 11 2
14 16 26
22 23 15
18 19 11
2 4 19
6 9 25
13 18 6
17 20 16
18 20 11
8 9 11
10 13 26
20 22 5
17 18 18
3 5 23
23 2 14
22 0 13
21 1 22
8 11 27
9 14 29
1 4 22
7 9 24
0 4 6
15 19 1
14 17 10
20 23 12
3 6 19
17 19 10
12 15 7
23 2 15
8 11 6
9 11 24
20 23 14
20 0 20
13 15 9
6 8 15
9 11 26
22 2 25
7 10 6
15 16 12
20 21 25
23 1 6
12 14 7
21 0 24
22 1 12
23 4 12
23 2 27
2 3 8
5 7 7
23 4 17
1 6 23
1 5 13
13 16 7
21 23 18
21 23 16
4 7 16
12 15 3
10 11 23
10 13 4
4 7 16
3 6 5
3 7 7
23 3 4
11 16 19
2 4 2
11 14 22
22 3 4
22 1 23
2 5 13
19 22 30
23 1 15
13 15 13
12 13 16
17 19 9
12 15 5
21 0 19
2 4 20
11 14 17
4 7 22
10 13 11
15 17 16
1 3 26
23 1 25
15 19 4
9 12 27
4 6 11
3 6 16
2 4 22
6 9 29
17 21 30
20 23 2
0 2 22
10 12 26
1 7 26
18 22 7
16 19 3
19 22 12
20 23 16
5 9 15
13 16 27
2 4 26
8 11 8
10 14 14
17 21 17
8 12 1
14 18 13
1 4 8
6 10 13
3 7 26
4 8 25
14 17 18
19 22 6
17 19 6
7 9 14
21 2 17
17 19 19
6 9 6
7 9 7
18 20 26
22 23 18
6 10 7
15 19 3
6 8 21
20 23 6
12 15 25
7 11 13
11 14 9
7 10 21
1 5 8
21 23 29
16 19 4
3 6 1
18 21 12
10 13 6
6 10 17
3 6 25
11 13 11
1 7 20
2 5 22
3 6 30
5 6 11
2 6 17
20 23 3
23 1 18
0 4 9
19 22 11
5 7 11
18 20 13
7 10 15
21 22 13
10 12 11
22 3 12
16 20 24
20 23 18
8 10 24
9 12 28
23 1 6
6 9 16
17 21 16
18 21 2
16 21 29
21 23 5
13 18 24
20 0 22
16 19 30
6 9 6
0 4 11
20 0 12
17 21 1
13 19 2
23 1 18
18 22 18
11 15 15
2 5 28
4 7 19
19 22 15
17 20 2
23 4 17
16 20 23
4 6 7
2 5 9
22 1 29
4 7 7
23 1 6
22 1 5
15 17 26
0 2 3
4 7 25
13 17 11
17 20 30
3 5 23
7 9 18
4 6 13
20 23 15
1 4 4
3 8 13
10 12 28
10 15 19
9 13 13
6 9 21
11 14 7
19 23 13
3 5 21
6 8 22
22 0 28
22 1 19
9 13 15
7 11 13
18 21 3
9 13 18
20 23 10
9 12 29
11 15 28
22 2 26
10 14 5
0 4 25
22 1 15
13 16 4
4 7 2
17 20 13
23 2 20
2 7 8
19 22 26
9 12 12
15 17 5
4 7 21
5 8 2
14 17 10
8 12 21
12 16 1
23 3 28
21 1 12
13 18 18
23 2 3
9 10 28
9 11 5
20 23 4
1 3 8
6 8 14
18 21 20
0 3 6
8 10 1
0 3 30
9 12 12
9 11 25
12 15 7
22 1 17
13 16 4
14 18 24
7 9 16
19 21 4
21 0 10
18 20 12
18 20 9
21 1 15
3 4 9
23 2 19
4 7 9
14 20 7
19 22 24
16 20 9
13 15 19
3 8 29
4 6 14
0 4 4
6 8 19
4 8 24
10 12 15
9 13 15
7 11 6
18 21 14
13 15 15
0 3 1
20 22 15
7 12 13
20 23 17
18 21 28
19 23 6
17 22 14
1 2 12
18 21 13
3 5 6
16 18 5
18 20 19
5 9 22
2 6 13
21 0 20
2 5 30
18 20 5
11 12 18
15 19 27
12 14 10
21 0 14
21 1 11
22 23 20
9 11 8
17 21 2
2 5 12
11 15 12
3 7 26
3 7 18
10 13 22
7 10 14
17 21 26
9 12 21
5 9 19
9 12 25
10 14 5
10 12 29
11 13 5
12 16 17
12 13 19
21 0 2
9 14 1
19 20 16
22 2 25
19 23 18
10 12 29
15 19 9
18 21 25
18 22 2
3 4 2
10 13 2
4 7 7
23 0 17
21 0 17
1 4 27
0 1 23
23 2 18
6 8 1
11 14 9
12 14 21
9 12 27
16 20 4
17 20 22
8 9 3
22 2 20
18 20 18
2 5 30
12 16 25
1 3 2
17 19 24
8 10 18
8 13 21
14 18 29
11 14 13
4 8 12
13 17 23
10 13 9
23 2 23
10 13 28
2 5 12
0 6 25
23 2 21
17 20 28
2 5 11
1 3 22
5 8 29
5 8 29
12 16 22
1 3 23
11 13 27
12 15 9
7 9 18
20 0 11
0 3 9
7 11 17
18 22 9
21 23 18
18 21 4
4 7 8
16 19 3
6 9 30
21 0 2
9 12 8
19 22 4
17 21 3
3 6 23
23 2 27
15 19 30
22 0 28
17 21 13
20 0 10
4 8 14
14 18 1
12 16 8
22 0 14
19 22 27
11 13 24
22 1 3
9 12 7
21 0 19
4 7 21
4 5 12
6 9 24
3 5 17
1 2 3
2 4 13
2 5 17
3 5 18
0 5 27
0 2 17
9 13 29
17 19 2
10 14 23
17 21 8
15 16 7
18 20 17
12 16 11
7 10 13
11 13 24
15 17 20
8 11 26
0 5 25
6 11 9
9 13 25
6 8 30
10 13 20
5 8 14
5 8 11
6 7 21
19 22 6
17 20 21
13 16 18
13 15 23
9 13 26
6 9 20
8 11 11
16 19 8
8 11 12
6 8 29
9 9 2
13 15 30
21 1 8
17 19 2
18 22 2
16 18 28
11 15 8
4 6 13
11 14 7
17 20 30
9 11 2
7 9 10
20 0 1
4 8 2
9 11 7
0 4 18
21 23 11
0 2 18
2 6 25
17 19 11
0 2 14
15 17 29
21 22 8
20 23 28
5 5 21
16 19 25
7 11 17
8 10 13
1 3 17
18 21 3
20 23 3
3 8 3
23 2 12
8 12 28
12 15 19
4 6 8
23 4 14
17 21 15
8 11 1
0 2 22
5 8 9
10 13 28
1 3 22
23 0 22
19 22 23
13 15 20
1 4 28
21 0 26
9 12 13
6 10 18
7 9 26
1 6 16
6 8 6
9 14 10
16 20 21
20 23 25
16 19 13
15 19 1
7 11 23
11 12 24
0 4 19
12 13 14
0 4 22
1 5 15
19 23 10
8 11 21
15 17 24
9 11 30
0 3 21
12 16 4
19 21 24
16 19 5
22 1 27
8 10 21
22 2 30
3 8 14
16 19 12
22 2 22
21 0 5
13 15 20
7 9 15
5 10 30
13 17 16
12 13 29
1 4 15
2 5 30
18 21 28
17 19 17
12 16 8
13 14 22
10 14 4
17 20 1
19 22 19
23 3 15
16 17 5
13 17 21
6 8 23
22 1 18
9 10 16
14 17 29
1 4 1
7 11 13
22 1 4
15 17 7
20 0 15
4 5 12
19 22 6
12 15 9
13 16 22
1 3 2
15 18 4
13 16 15
3 6 6
22 1 25
10 13 18
17 20 19
0 3 5
10 13 26
7 11 28
5 9 20
2 4 24
19 21 5
12 15 28
19 22 16
14 19 23
7 10 16
22 1 11
6 9 25
17 20 26
14 18 4
3 6 28
23 2 2
10 15 25
14 18 2
7 10 15
12 15 14
8 11 6
11 14 7
15 18 25
0 4 25
13 16 11
8 12 12
15 16 24
18 21 17
13 16 5
15 19 16
11 15 20
16 20 17
4 8 13
23 2 20
5 7 27
23 2 12
17 22 14
7 10 9
21 1 7
10 14 5
8 10 3
22 23 6
12 14 26
16 20 17
1 5 3
22 2 20
14 18 30
6 9 27
3 5 24
17 19 10
13 16 4
6 9 19
20 23 29
9 11 15
12 15 3
16 21 29
3 4 21
18 20 8
12 16 19
0 5 10
5 7 23
12 12 3
5 6 5
14 17 25
21 1 2
7 11 28
18 21 20
12 15 17
15 17 17
16 18 21
23 3 23
23 2 6
14 16 27
21 1 19
17 21 22
22 1 30
18 23 29
17 20 16
4 7 13
0 3 9
12 14 14
14 18 21
17 21 26
7 10 10
19 22 2
5 8 18
0 5 2
9 13 10
8 9 11
20 23 21
0 3 29
10 13 23
1 3 1
3 7 21
0 2 24
10 13 12
22 2 12
20 22 30
13 18 28
21 23 1
15 17 26
2 5 8
0 4 7
19 22 14
4 7 16
0 3 22
8 12 26
7 11 7
5 8 23
15 18 7
17 18 7
4 7 30
0 4 6
13 14 13
16 18 14
6 9 8
15 18 12
10 13 6
9 13 11
16 17 15
14 15 12
0 3 16
7 11 26
12 15 26
8 11 6
10 13 15
7 10 29
4 8 21
6 8 1
21 0 9
20 0 24
23 2 14
14 18 23
20 22 9
8 10 1
23 2 28
0 4 13
1 4 14
2 4 5
9 11 25
2 5 30
21 23 14
6 10 27
9 11 24
17 20 29
23 2 19
9 12 13
15 18 8
6 9 25
23 3 13
21 1 23
5 9 27
12 15 29
8 10 21
5 8 6
12 16 17
18 19 22
0 1 25
22 0 24
4 6 23
7 7 9
13 18 18
21 1 3
17 20 18
21 22 10
2 4 13
17 21 22
15 17 16
6 8 8
15 18 29
18 19 28
3 5 17
3 6 5
13 16 28
15 19 19
5 8 9
14 17 9
0 4 2
8 11 27
20 22 17
13 16 27
20 22 14
7 12 15
10 13 8
17 21 9
16 18 16
20 22 1
16 16 16
22 1 13
21 2 16
10 13 23
12 15 12
22 2 30
6 10 13
6 9 9
19 22 4
22 1 21
15 18 28
23 2 22
18 21 24
13 16 24
8 11 17
18 19 7
10 11 10
3 5 17
8 10 8
1 5 21
2 5 28
5 8 15
16 17 4
9 12 22
10 15 5
18 20 5
5 7 11
19 23 14
10 13 13
15 18 24
15 18 16
4 8 10
19 23 3
11 14 15
12 14 7
7 10 29
22 1 19
18 22 26
21 2 28
1 4 29
0 1 28
10 14 17
17 20 1
6 9 24
17 20 5
20 22 17
14 15 30
12 16 12
23 3 12
2 4 4
18 20 24
4 7 18
12 13 13
14 16 24
4 8 13
14 18 16
23 3 28
9 11 1
20 23 13
12 14 4
15 19 30
10 13 15
6 8 19
2 5 23
11 14 23
21 0 3
7 10 5
4 8 24
8 10 24
21 1 12
1 5 20
7 11 16
7 9 11
19 22 11
18 22 24
5 9 11
22 1 14
22 1 22
1 3 11
19 23 2
16 17 5
11 14 29
16 19 7
20 22 14
4 7 18
14 18 7
2 5 4
22 3 5
7 10 24
14 17 12
0 2 19
8 11 3
4 7 25
5 8 28
18 19 12
18 21 10
0 2 25
0 3 22
16 18 10
6 9 30
22 1 7
1 3 8
9 14 16
5 8 21
22 23 13
8 10 30
7 10 2
4 7 22
14 17 3
9 12 15
6 11 22
13 15 30
14 18 20
5 9 6
13 16 18
0 4 23
6 9 30
6 9 24
21 0 10
9 12 9
16 20 27
0 4 22
6 9 27
8 11 27
2 5 14
13 15 26
1 5 29
14 16 2
1 5 11
2 6 5
1 5 14
1 4 8
17 19 5
12 15 14
13 15 20
7 10 5
4 6 27
4 7 10
11 15 16
16 19 20
3 7 3
2 4 28
21 23 18
7 10 13
12 14 5
16 19 13
12 15 14
7 10 22
10 14 25
18 23 10
6 10 6
14 17 6
1 4 9
22 1 23
12 15 24
17 21 23
1 3 22
18 20 24
17 19 19
3 6 24
4 7 19
17 21 4
5 7 17
9 13 16
1 4 30
19 22 28
20 23 11
6 7 13
8 11 27
8 12 7
4 8 27
12 16 1
5 8 18
1 5 10
13 14 27
4 8 12
15 18 5
9 11 22
19 23 17
5 10 9
9 12 28
3 6 4
11 13 6
8 12 26
4 6 29
11 15 26
19 22 7
10 14 21
19 21 21
18 20 6
4 9 5
23 3 23
15 17 1
14 17 21
18 22 28
15 17 15
9 13 28
1 3 27
10 15 27
7 8 26
22 1 28
11 14 12
17 18 20
21 1 9
15 19 4
4 6 30
14 17 23
13 15 25
4 7 24
18 21 4
5 7 25
3 6 30
10 13 25
18 20 19
13 15 7
2 5 22
7 11 18
0 4 20
18 21 12
0 5 23
22 1 20
4 5 2
7 8 3
9 13 22
20 0 26
15 18 23
11 12 18
17 21 4
18 19 11
10 12 20
3 7 11
0 3 26
1 5 6
21 2 18
12 15 15
12 15 16
14 20 27
12 14 28
11 14 4
0 2 9
14 18 7
5 9 8
12 14 30
4 8 27
14 17 16
6 7 21
1 5 4
8 11 8
14 16 23
6 8 30
13 15 26
7 11 5
19 21 30
12 17 1
2 5 26
4 7 20
16 21 20
18 20 4
3 5 2
8 11 30
16 19 10
20 23 5
5 10 19
18 20 16
9 12 1
8 13 14
15 18 19
23 2 21
12 16 17
13 15 22
9 12 15
14 17 9
7 12 3
16 20 20
20 0 10
22 2 27
7 12 27
0 4 21
18 20 11
21 1 11
5 6 15
12 14 25
16 19 18
15 19 30
18 20 21
7 10 14
17 19 21
16 20 14
17 21 14
5 9 15
18 22 14
21 1 8
6 9 27
19 21 21
19 0 21
8 11 9
8 11 9
8 12 5
16 20 3
7 8 8
11 17 1
22 1 11
16 19 4
6 7 19
7 12 3
3 5 13
6 9 15
2 5 26
11 15 23
11 13 14
20 21 25
8 9 6
14 17 3
5 9 12
16 19 23
2 6 21
9 13 19
14 18 20
9 12 7
22 0 5
6 8 14
3 6 4
6 9 13
4 7 5
9 13 11
8 12 23
17 20 9
21 1 25
3 5 14
16 19 25
19 22 20
21 1 30
4 6 1
1 4 30
8 12 7
16 19 27
21 23 4
22 0 28
21 1 18
11 13 8
13 17 23
18 22 9
0 3 26
20 0 19
13 14 2
16 19 12
2 3 12
18 21 17
0 3 22
13 16 9
18 21 24
8 11 2
7 9 23
4 7 6
3 8 2
15 18 17
6 9 15
5 9 17
1 4 16
9 11 19
0 2 16
19 22 3
18 21 19
14 17 16
2 4 23
3 6 26
3 5 22
13 14 12
7 10 13
13 16 9
1 3 20
7 10 8
15 20 10
14 18 14
11 15 7
15 17 9
5 9 19
19 23 7
14 17 24
9 11 5
19 23 14
23 2 7
8 12 24
3 7 30
6 10 26
0 3 8
20 23 1
12 14 27
14 16 1
6 9 20
22 2 9
22 0 20
11 15 23
5 8 4
16 19 3
14 18 22
7 11 10
14 16 8
19 22 5
6 9 26
20 0 12
20 22 11
8 11 20
5 7 15
22 2 12
21 0 22
19 22 19
10 14 24
17 18 30
10 13 4
17 20 10
6 10 12
3 6 11
18 22 20
14 16 20
11 14 24
13 16 17
4 5 22
18 20 5
12 15 29
18 21 18
18 21 20
16 20 26
11 14 17
17 19 3
1 6 25
5 7 12
0 4 28
16 19 1
7 10 20
13 16 3
18 21 6
16 20 18
6 9 29
16 18 6
8 11 23
9 12 1
23 2 20
18 22 30
7 10 14
13 17 11
18 20 26
16 20 2
3 5 16
0 5 2
9 9 10
20 21 14
1 3 7
14 17 1
0 3 4
10 14 18
7 10 30
21 0 21
7 11 11
3 7 4
8 10 9
22 0 4
10 13 26
16 20 8
1 5 3
2 5 16
18 22 1
0 2 19
22 1 4
7 9 14
18 22 1
10 13 16
3 6 21
0 3 10
23 3 19
14 17 10
15 19 21
17 19 12
13 14 24
12 13 17
18 21 1
13 18 2
10 12 18
19 23 3
19 22 10
16 21 2
20 21 9
10 16 22
15 19 11
20 0 14
1 3 30
10 13 13
19 21 29
23 1 28
6 9 12
20 21 9
22 0 15
0 3 29
5 8 27
7 12 5
19 23 8
14 17 15
9 10 30
22 2 8
15 17 26
3 7 25
17 21 17
4 7 27
21 23 8
13 14 24
13 17 8
16 19 7
21 22 10
0 3 24
6 8 5
14 17 25
8 12 2
5 9 25
9 12 4
9 13 20
11 13 1
12 15 24
9 12 1
17 19 18
16 20 26
11 14 6
10 12 8
7 9 5
14 17 13
8 10 18
20 23 9
20 0 30
6 10 14
10 12 3
1 3 21
19 22 26
4 7 14
11 14 11
13 18 8
10 13 8
0 3 8
22 1 22
2 6 20
10 14 28
11 14 18
16 20 11
13 16 18
21 1 16
2 5 13
1 4 15
14 19 23
6 10 9
1 3 17
0 3 27
16 18 14
8 10 21
7 10 27
8 11 12
13 15 14
6 9 9
8 12 17
5 9 14
18 21 15
3 7 7
0 4 27
2 6 12
1 3 20
3 6 25
11 14 3
2 6 1
19 21 22
5 7 7
9 12 16
1 3 5
14 16 19
22 2 7
13 14 13
23 2 2
12 14 27
0 3 25
7 11 9
5 10 27
12 16 28
13 16 2
6 8 23
11 14 22
18 21 28
11 12 30
17 20 16
7 10 3
16 19 29
2 4 24
17 20 5
20 23 15
19 23 9
20 0 22
20 1 11
15 18 18
12 15 27
4 9 12
21 1 19
19 22 23
2 5 6
20 23 10
23 3 25
19 21 3
20 23 22
13 14 10
1 2 22
16 18 21
13 16 14
6 9 17
13 16 6
6 9 11
22 1 14
21 0 23
12 14 9
19 22 30
0 3 13
8 12 3
18 20 16
8 11 2
0 2 11
8 11 1
23 3 21
8 11 18
10 10 10
14 16 1
11 14 28
16 18 1
21 1 9
15 18 16
23 2 8
17 22 18
8 11 23
7 11 15
15 20 27
4 8 1
11 14 25
4 7 26
23 3 22
2 7 25
1 3 16
0 4 12
13 17 22
8 9 23
2 6 4
3 6 1
6 11 24
6 8 10
0 1 15
8 10 4
16 20 22
16 19 8
16 20 10
21 1 28
19 23 10
4 6 23
16 18 19
17 22 21
15 20 16
16 18 20
9 12 22
23 1 28
12 16 19
21 23 28
10 12 12
16 18 11
21 1 5
9 13 17
14 16 28
21 22 8
3 7 8
13 18 28
23 2 5
18 21 30
2 5 3
23 3 23
5 9 27
3 7 16
22 2 19
22 1 30
17 22 3
5 8 30
9 12 18
1 4 11
9 12 8
20 23 26
2 6 22
23 1 6
23 2 11
2 6 2
19 22 10
7 12 8
12 15 19
9 12 5
12 17 20
23 1 18
14 17 19
17 21 9
10 13 21
21 1 19
6 7 14
2 6 25
2 6 10
15 17 6
23 1 27
17 20 15
21 0 19
8 12 25
0 3 22
14 17 23
18 21 20
10 12 29
11 15 20
0 2 29
8 11 19
6 9 19
1 3 25
12 15 15
17 21 13
14 18 2
4 6 5
8 11 26
7 11 3
5 7 14
8 12 24
4 7 2
17 18 28
9 12 19
19 22 21
19 23 22
5 7 15
0 3 11
15 17 19
14 16 27
18 21 24
0 3 15
16 20 22
6 9 24
17 20 26
3 5 13
13 16 15
6 10 13
9 12 4
19 22 27
10 15 5
12 17 3
22 2 30
17 19 20
5 7 12
0 5 26
8 10 15
4 8 24
23 2 23
22 3 11
5 7 7
0 4 11
10 11 19
1 1 29
19 0 8
11 13 2
21 0 24
20 23 10
0 3 28
9 11 24
12 16 21
11 14 24
2 4 22
8 8 8
15 18 11
7 10 28
8 12 18
6 9 8
6 8 2
10 12 28
19 23 18
12 17 17
11 15 8
6 10 1
22 2 27
19 22 5
11 14 26
9 14 11
19 20 21
19 21 25
22 1 18
15 18 16
8 11 26
9 12 5
15 19 22
9 12 5
11 16 12
9 13 30
3 5 21
13 18 1
14 15 8
12 14 19
1 4 30
2 6 25
4 8 12
4 6 5
3 5 15
15 17 10
12 17 23
12 15 3
22 3 21
17 18 12
3 7 30
21 0 1
11 14 11
6 10 3
2 5 11
21 0 29
16 20 7
21 23 27
6 10 4
2 4 12
22 1 17
2 5 20
12 15 12
12 15 7
14 16 30
3 5 24
16 18 24
18 22 3
10 14 9
0 3 13
14 17 30
5 8 21
10 14 6
22 0 27
14 18 13
0 3 4
0 4 30
6 8 29
22 0 8
5 8 11
1 5 20
18 21 9
19 22 13
4 6 7
3 4 3
23 0 19
21 1 2
4 8 6
0 4 8
3 3 15
18 20 26
23 2 29
22 1 18
21 0 22
20 23 13
15 20 13
23 3 14
10 13 4
13 14 10
4 7 30
4 6 15
7 9 9
11 14 11
6 8 9
7 10 26
22 0 18
20 22 15
21 1 10
17 19 10
16 19 16
2 5 3
20 23 21
14 18 13
21 23 18
23 2 7
14 17 5
13 18 16
22 1 17
3 5 25
1 5 27
7 9 1
4 8 30
21 23 9
10 12 3
22 2 5
19 0 25
20 0 16
18 22 7
3 5 15
0 2 3
8 12 4
2 3 24
11 15 6
5 8 30
1 1 12
2 5 4
20 23 8
3 6 25
9 11 9
12 15 6
22 0 10
14 17 25
2 3 2
10 14 18
2 4 13
20 0 27
8 11 20
22 1 16
16 19 21
9 11 3
14 15 16
19 23 25
6 9 26
10 12 15
3 7 30
5 8 12
19 22 3
4 7 14
5 7 22
9 11 5
7 8 10
6 8 23
3 5 30
0 4 12
19 23 8
0 3 4
21 23 29
2 5 14
16 21 27
8 12 4
22 23 11
3 7 28
21 23 26
13 17 16
3 7 4
20 0 24
8 11 23
23 3 13
20 0 27
11 13 14
15 16 10
23 2 23
11 15 18
8 12 2
14 19 27
12 14 4
20 23 13
2 5 6
22 1 10
15 17 23
19 23 21
4 6 24
20 23 13
19 21 17
5 7 29
15 17 19
3 6 22
22 0 30
21 1 30
14 17 12
9 12 4
15 18 14
2 7 19
9 10 17
15 18 25
8 11 30
22 4 23
6 8 6
16 18 18
14 18 23
1 6 9
17 21 21
8 11 3
12 15 3
8 12 5
18 21 25
19 23 2
4 8 2
9 10 2
23 2 3
20 0 9
15 18 13
12 14 30
6 9 14
5 8 11
8 12 2
5 8 13
6 9 25
0 3 11
23 1 10
4 7 12
12 16 26
20 22 20
13 16 7
19 22 25
18 21 6
6 8 2
7 13 12
14 16 4
1 2 9
11 15 2
1 4 25
13 16 20
3 6 24
17 20 17
22 0 25
15 19 28
4 7 14
16 20 18
0 2 18
16 17 29
19 22 20
20 21 17
5 10 27
3 6 23
5 7 4
13 18 9
3 6 10
1 3 1
17 19 23
20 22 26
19 21 14
22 1 6
0 3 10
17 20 5
16 18 6
22 1 12
23 4 22
16 19 12
9 12 15
9 12 20
1 3 20
7 10 21
12 16 11
0 2 11
2 5 16
8 10 30
11 17 28
9 11 20
14 18 19
11 14 12
17 21 16
16 19 27
12 14 30
16 19 23
10 14 15
16 19 11
4 8 25
7 10 20
10 13 28
1 4 5
20 0 28
11 15 13
17 21 12
23 3 8
1 3 4
4 9 11
4 6 23
4 7 6
19 22 26
6 9 17
14 19 22
2 5 6
16 19 18
16 20 20
23 1 10
23 2 9
5 8 17
23 2 12
11 15 30
16 16 19
16 19 19
8 13 2
14 19 17
16 18 23
23 2 9
2 5 12
4 7 9
6 8 3
12 15 3
4 5 23
21 0 26
0 3 1
4 8 10
7 10 26
7 10 29
17 20 27
23 2 1
21 0 28
16 21 11
22 1 28
13 16 20
12 13 25
7 11 9
3 6 15
8 12 2
14 17 27
16 18 16
22 1 7
9 10 16
1 3 6
10 12 19
14 18 29
15 18 27
3 6 30
4 8 13
14 17 22
15 18 13
9 11 23
7 9 18
0 4 13
11 14 18
8 11 5
17 20 26
17 18 18
22 0 25
7 8 2
10 16 29
17 20 22
11 15 29
12 14 13
14 19 3
16 20 3
22 22 21
3 7 12
19 23 17
2 6 27
1 6 6
10 15 2
1 4 22
13 16 10
14 15 1
0 4 19
23 2 27
11 15 24
18 22 11
14 16 6
22 2 3
13 15 9
13 15 6
17 20 20
13 16 10
17 20 17
19 21 21
0 3 26
20 23 9
21 0 7
11 14 9
3 8 3
20 23 16
8 11 26
16 19 25
5 8 27
8 10 21
21 22 29
18 21 10
1 4 23
13 15 3
1 5 7
18 22 4
9 11 7
17 21 12
6 10 23
21 2 22
1 3 26
0 3 4
14 17 17
12 15 11
1 2 28
10 13 23
23 4 14
8 10 23
9 13 25
1 3 24
2 7 11
5 7 24
20 21 28
16 20 27
8 9 25
23 3 14
21 0 18
8 11 5
11 15 6
9 12 30
0 3 22
5 8 5
8 11 1
19 22 3
23 1 11
17 20 11
4 8 1
8 11 28
2 5 2
0 3 4
2 5 4
8 9 7
21 0 21
6 9 2
22 1 27
22 0 21
13 17 25
15 19 28
5 7 11
4 7 19
3 7 22
7 11 5
14 15 18
16 20 13
5 8 1
7 9 21
2 5 26
18 22 1
11 14 13
15 18 30
18 21 10
10 14 8
18 20 18
1 3 11
16 19 1
19 22 13
6 7 21
10 12 27
23 1 17
20 23 16
5 8 23
1 5 27
16 18 27
0 2 21
10 13 28
14 17 11
16 18 26
8 11 25
18 20 14
12 16 6
9 12 5
12 14 28
17 21 10
6 10 2
10 13 24
19 21 29
0 2 6
23 2 13
2 4 27
15 18 9
4 7 11
16 18 6
20 21 12
4 7 8
5 8 8
22 1 29
22 23 20
0 2 17
3 6 19
19 23 3
8 12 11
13 16 26
15 16 4
1 3 21
15 20 5
20 23 7
9 12 21
3 5 25
3 6 18
0 4 7
6 9 22
11 13 16
18 23 2
15 18 5
20 0 15
8 12 24
9 11 26
7 10 16
12 17 3
10 16 4
2 6 23
1 2 23
10 13 15
17 19 28
9 10 14
13 15 22
17 21 9
15 16 30
6 10 26
9 13 15
15 18 27
16 20 22
1 4 26
12 16 7
8 10 8
9 11 27
7 11 11
3 5 24
10 16 21
18 21 5
3 7 26
4 8 19
18 22 24
22 0 25
12 14 12
0 2 10
14 18 24
23 2 29
20 20 30
12 14 12
3 7 2
18 20 15
7 11 22
6 9 23
7 10 14
4 7 3
22 1 29
13 17 10
11 16 15
19 21 15
1 5 14
21 1 1
19 21 27
0 3 23
19 22 27
1 2 27
7 11 27
10 13 8
3 6 27
19 23 14
23 1 11
13 16 8
18 20 29
9 14 5
1 6 11
7 9 23
14 17 12
5 9 22
14 16 21
3 5 22
17 20 28
6 9 9
20 22 28
16 18 5
10 12 2
20 23 24
0 2 18
12 15 29
3 7 24
11 15 13
10 12 29
4 5 24
6 9 7
0 2 26
0 3 27
0 5 5
4 6 16
1 5 15
3 5 4
5 8 25
2 5 2
6 10 29
14 19 23
13 15 29
11 14 25
8 8 10
23 3 21
13 16 1
13 16 11
3 8 7
13 16 29
4 7 7
7 10 25
8 11 18
18 21 24
20 0 25
19 23 11
3 8 14
23 2 9
2 3 22
21 22 30
8 11 3
23 2 22
1 3 24
9 13 11
2 5 2
23 2 22
20 23 10
6 10 5
18 19 14
16 21 15
10 12 24
14 17 9
18 20 21
23 2 22
4 8 29
23 3 25
19 22 15
12 14 1
13 16 11
13 17 6
0 3 7
3 5 12
7 10 11
15 17 1
11 11 1
22 0 13
10 12 2
10 12 25
6 8 13
14 16 24
1 4 29
12 15 11
19 23 14
13 17 17
0 5 23
1 6 12
12 15 19
14 16 28
0 3 25
7 11 5
10 15 1
16 20 3
0 2 8
16 19 29
1 4 6
2 4 13
14 17 24
18 22 5
19 22 3
5 10 10
3 5 11
10 13 13
1 5 27
1 3 21
14 17 16
11 16 1
8 11 24
20 22 8
17 19 28
2 6 3
23 3 11
21 0 24
8 11 7
22 2 9
22 0 13
7 11 16
20 23 30
2 4 8
15 18 20
23 0 28
1 3 14
23 2 14
13 15 29
11 15 23
15 19 19
17 19 10
11 14 19
7 11 11
3 6 22
6 9 9
15 15 28
22 2 28
22 0 24
1 5 13
0 3 5
0 3 11
22 1 10
4 7 1
4 9 25
13 15 27
9 12 13
22 2 13
14 17 25
15 17 13
2 6 18
9 12 7
15 20 20
1 3 15
18 21 26
5 6 4
5 9 7
17 19 18
13 16 20
0 3 9
21 1 8
23 1 18
7 10 3
0 3 22
12 15 4
7 10 15
22 22 27
6 7 11
6 8 17
1 4 8
21 0 6
6 9 12
16 19 15
3 5 10
18 22 10
7 10 7
1 4 2
18 23 27
12 13 28
11 14 9
13 18 29
0 4 15
3 4 5
13 16 9
11 14 2
13 15 4
19 23 1
23 1 4
4 7 8
5 11 27
19 21 30
7 9 6
5 10 5
10 13 15
1 4 15
23 2 21
13 15 28
6 9 27
17 20 3
11 15 14
4 7 20
19 21 27
4 7 27
21 22 29
15 21 7
12 15 8
10 12 3
20 23 24
19 21 14
9 12 14
5 8 5
11 14 25
9 10 26
9 12 30
22 0 9
14 17 21
6 9 3
10 12 11
22 1 23
22 0 30
22 2 18
8 11 1
9 11 15
20 23 23
8 12 29
5 8 15
2 6 27
10 13 19
19 21 5
11 14 3
8 10 2
17 22 6
18 22 24
6 9 25
19 23 14
5 8 9
22 2 28
20 1 11
0 1 6
6 8 16
4 6 1
20 23 12
23 0 6
13 15 24
5 8 9
22 1 24
6 9 1
18 21 12
17 21 14
22 23 17
14 18 6
19 23 4
23 3 29
19 22 23
21 0 17
10 14 26
2 7 17
3 7 26
6 10 28
18 20 27
19 22 29
1 5 5
19 22 12
16 20 1
8 11 25
7 10 9
1 3 8
22 0 5
19 22 7
7 11 28
15 19 28
12 15 16
16 19 4
23 2 8
14 17 3
3 6 7
6 10 1
16 19 10
9 12 2
16 20 30
22 0 14
12 15 27
7 10 29
4 7 8
5 7 8
5 8 24
19 21 3
6 10 29
8 11 20
5 9 27
1 5 18
21 0 13
3 6 6
0 3 7
11 13 19
4 7 30
12 15 22
4 5 27
11 13 3
4 7 26
6 10 20
20 23 1
11 12 15
17 22 20
21 2 19
13 17 25
22 1 17
22 1 25
15 19 2
5 8 1
6 8 20
9 11 10
8 11 20
4 8 10
3 5 3
19 0 28
0 4 3
21 0 4
15 17 24
12 14 30
3 7 11
0 3 10
8 11 7
0 3 14
22 1 21
5 8 18
20 23 8
1 4 8
0 3 17
16 18 10
19 0 21
8 10 3
17 19 2
5 10 9
14 17 15
13 17 5
8 10 10
8 13 7
19 21 4
0 5 14
8 10 18
12 15 16
18 21 16
2 3 17
18 21 12
19 22 3
0 5 13
13 15 10
22 1 18
7 11 17
16 21 15
3 6 28
3 6 24
2 7 17
7 11 27
18 20 16
4 10 20
13 16 17
22 1 11
17 18 22
20 0 19
6 9 28
17 19 2
3 6 1
18 21 29
2 3 17
1 5 3
9 13 15
22 0 27
15 17 4
4 5 22
17 20 9
22 2 8
23 2 5
3 7 9
6 9 4
8 11 22
1 3 8
8 11 14
7 11 3
16 19 9
20 22 20
21 23 21
18 23 6
2 7 28
8 11 11
16 19 1
19 21 18
13 15 26
16 19 12
17 22 13
4 8 28
8 11 16
14 17 8
17 20 5
0 3 18
11 14 19
9 12 16
10 12 23
5 8 14
21 1 30
1 2 19
1 2 17
3 5 7
1 3 29
19 23 30
13 16 1
5 7 2
9 11 30
0 4 25
2 5 28
21 1 30
21 1 6
4 5 14
15 19 21
8 10 29
15 19 25
14 17 6
11 14 23
21 0 30
14 18 7
0 2 14
21 0 28
16 18 14
14 17 28
12 14 28
9 13 28
21 0 8
3 6 13
7 11 12
1 3 16
10 13 18
16 19 19
2 6 29
7 10 6
5 8 28
16 19 15
10 13 22
12 13 29
4 9 20
13 16 15
23 1 9
7 10 15
5 8 2
2 2 28
19 23 6
9 10 19
18 22 2
16 20 22
10 15 26
19 21 13
19 22 28
11 12 10
22 2 29
2 5 9
10 12 9
7 9 9
14 17 21
22 2 20
15 19 19
0 3 30
23 3 19
11 11 30
22 3 19
20 0 10
0 3 23
13 17 13
2 4 16
10 13 6
18 21 29
4 7 5
20 22 12
0 3 27
20 23 4
0 3 15
20 22 18
11 14 9
1 5 15
5 7 30
2 5 27
4 9 3
16 19 2
3 7 27
0 3 22
20 21 13
9 9 7
17 18 14
19 20 1
11 15 28
15 19 3
17 21 23
4 7 22
17 21 15
10 13 29
18 0 16
16 19 21
16 21 2
7 10 20
17 21 9
4 8 7
7 11 4
6 10 4
16 20 13
2 3 24
5 7 26
4 8 9
5 7 25
2 6 8
7 9 19
15 19 29
0 2 18
20 23 4
6 8 30
6 8 19
14 16 18
12 16 4
4 6 9
15 19 21
17 20 19
22 2 24
4 9 4
13 17 24
3 7 25
16 19 23
11 14 5
8 12 26
12 15 11
15 17 11
13 16 7
4 6 5
9 13 28
16 19 27
15 18 27
6 9 15
6 8 5
21 2 17
16 19 25
19 19 26
0 3 18
9 12 18
22 0 10
7 10 5
14 18 17
18 22 12
10 13 12
20 0 11
4 8 2
7 12 29
17 19 5
20 22 16
20 0 11
14 17 7
3 7 7
13 16 25
14 17 17
23 2 11
21 0 6
11 15 22
2 6 15
11 13 16
14 17 14
1 5 23
13 18 7
18 23 20
9 10 27
16 18 20
11 14 8
0 3 2
9 12 9
11 14 23
18 22 18
6 9 1
15 18 16
15 19 8
10 13 21
10 15 4
22 1 18
9 13 23
6 10 1
4 6 28
0 3 8
15 16 19
23 2 16
7 10 3
18 22 6
1 5 8
12 15 26
7 11 20
8 11 13
22 1 9
22 0 4
3 7 27
23 3 7
3 8 18
6 9 19
14 18 12
22 2 9
22 1 2
4 8 5
20 21 29
2 5 23
13 16 29
18 21 11
6 7 17
15 18 24
13 17 21
12 15 12
21 0 18
0 3 10
11 16 23
12 16 28
10 13 4
16 19 26
6 10 8
11 15 29
0 3 23
16 18 27
4 7 9
17 20 13
17 18 14
4 8 10
1 4 22
11 15 20
6 8 5
17 20 10
15 18 12
13 15 28
10 14 22
20 21 27
19 23 19
17 19 30
10 13 9
12 16 9
11 13 30
9 11 11
10 14 9
16 20 11
18 22 8
2 6 17
19 0 2
8 11 22
12 13 21
10 14 9
11 12 29
15 17 29
16 17 13
3 6 24
0 1 15
0 4 28
21 23 8
16 18 3
1 4 25
18 21 7
15 17 15
20 22 22
0 4 2
17 21 22
13 16 2
20 1 27
18 21 26
21 23 23
1 3 9
7 9 26
1 2 29
13 15 30
19 23 23
2 5 19
9 11 8
3 8 18
9 13 12
18 21 21
19 23 17
8 13 12
18 22 8
19 21 12
13 15 26
2 4 9
1 5 11
21 0 14
9 11 1
1 4 16
4 7 20
16 20 24
0 2 18
0 3 17
15 17 3
1 3 2
6 9 6
10 15 17
4 7 29
23 1 22
20 22 24
23 2 17
1 4 22
4 9 3
7 11 11
20 0 9
18 22 21
3 5 26
22 0 20
10 13 30
3 6 11
6 9 13
4 7 11
4 8 19
18 21 13
3 5 20
7 10 27
21 0 6
0 3 10
17 19 26
5 7 4
13 16 24
16 17 9
5 8 27
7 9 30
21 22 22
15 17 14
22 2 11
22 1 2
18 21 8
21 0 17
3 6 21
19 21 1
21 1 12
10 12 18
11 13 5
11 14 10
6 9 30
22 1 29
22 1 30
18 21 24
8 12 11
0 2 10
6 10 14
2 5 1
15 17 28
21 0 25
7 10 10
6 9 14
16 19 8
1 4 28
7 10 4
19 22 19
13 16 10
13 15 11
1 3 29
3 4 25
21 23 28
21 1 17
2 5 29
11 13 9
5 9 24
19 23 8
17 22 10
14 16 5
1 3 5
20 23 26
10 11 4
20 0 4
21 1 8
14 18 25
12 14 25
4 8 13
17 21 16
19 23 23
17 21 10
17 21 26
13 16 3
11 14 6
16 18 13
0 4 6
12 14 7
10 13 30
15 18 18
3 7 7
19 19 19
18 22 9
9 11 5
5 7 21
4 7 4
2 5 30
14 18 18
7 11 21
11 13 22
6 7 24
16 19 7
7 10 11
0 2 22
10 12 6
20 23 9
17 19 9
23 3 8
0 3 4
5 10 29
8 10 1
6 7 10
16 19 2
13 15 18
1 5 2
1 3 10
3 8 26
16 20 5
19 22 30
21 23 26
23 2 30
20 0 7
1 5 16
18 22 1
0 3 29
2 5 28
20 22 22
6 9 2
18 19 3
8 13 11
16 21 26
9 13 14
16 20 6
0 3 1
23 2 27
20 23 29
10 14 24
9 12 22
17 20 24
0 3 7
4 7 9
14 16 6
4 5 17
22 1 29
16 17 12
3 6 2
19 22 20
21 0 15
15 19 28
8 11 15
14 15 19
9 12 30
1 3 27
11 16 30
19 22 24
21 0 22
2 5 16
14 16 25
19 22 5
19 22 25
13 18 14
16 19 9
19 23 9
2 3 19
0 3 21
16 18 13
8 10 13
15 17 29
20 22 3
12 14 1
0 2 6
19 22 25
16 21 7
6 10 20
14 18 22
2 4 21
23 0 27
17 19 21
22 1 18
17 19 16
6 9 2
12 18 14
15 18 7
14 15 29
14 17 10
5 7 27
11 14 25
16 18 13
10 12 3
19 21 13
22 2 19
23 2 17
17 20 25
22 1 23
13 14 23
1 3 9
2 5 1
8 11 7
1 4 27
11 14 2
18 20 13
7 11 2
16 20 20
20 23 20
7 11 9
11 14 12
11 15 11
10 14 27
19 23 8
17 20 4
12 15 13
20 0 25
15 17 7
23 2 7
19 22 28
16 19 29
15 19 27
4 6 25
10 11 4
21 22 13
21 23 22
0 3 17
3 5 17
21 0 18
0 2 14
22 2 21
16 18 8
4 8 30
12 16 22
11 15 2
20 21 28
4 7 3
21 0 1
14 17 9
3 8 22
0 2 14
9 12 13
18 21 17
14 15 7
18 20 6
22 3 25
16 18 6
4 6 8
3 6 18
23 2 4
6 10 3
4 7 7
7 11 9
3 5 19
10 12 3
20 0 18
10 12 16
18 21 2
7 10 27
18 19 29
1 7 1
12 16 14
1 5 4
16 18 15
21 23 28
3 5 25
10 13 3
20 1 16
20 22 28
9 13 19
10 15 24
16 19 17
23 3 14
6 10 13
16 17 23
2 6 10
21 23 11
13 16 8
8 12 22
7 10 19
13 17 8
10 13 3
18 22 13
22 2 22
4 9 3
8 10 12
3 5 27
10 11 8
8 11 10
7 10 23
23 0 19
18 21 23
17 21 16
13 17 25
8 12 1
8 11 24
22 23 25
8 10 29
18 22 17
3 5 22
13 15 21
13 17 7
11 13 17
7 11 19
0 4 24
2 4 14
11 13 28
2 6 23
17 20 25
10 13 8
12 13 13
19 21 15
2 6 5
17 21 27
23 1 19
17 19 21
21 0 19
20 21 6
7 9 11
12 16 10
11 17 24
21 0 4
5 8 18
2 5 11
15 17 6
17 19 20
5 7 12
18 18 3
12 13 12
23 2 2
5 8 18
0 4 20
14 19 2
13 16 22
18 21 11
9 11 24
11 15 23
17 20 2
16 21 23
5 8 16
21 1 10
18 20 15
16 21 5
15 20 1
13 17 29
17 20 22
1 4 23
11 12 7
14 18 27
21 23 19
19 23 11
4 7 9
17 19 24
21 0 4
21 1 7
17 19 29
11 15 22
12 15 5
8 11 13
9 13 15
9 12 30
19 21 16
22 2 4
5 8 6
20 23 10
11 14 8
23 2 16
11 13 18
2 5 30
9 13 20
10 13 26
20 23 11
11 13 8
22 0 8
11 15 28
18 21 15
7 10 22
3 6 26
0 2 3
10 14 5
16 18 15
23 3 16
18 18 13
19 23 4
22 2 6
4 9 21
7 10 4
17 21 24
6 9 21
7 10 11
12 14 27
20 22 18
13 16 10
14 15 4
5 6 15
17 20 6
3 7 12
22 2 21
4 8 29
5 8 19
20 23 21
0 3 15
4 5 18
10 14 14
20 22 5
10 13 6
8 12 26
21 1 26
2 5 8
17 20 3
17 21 7
18 22 8
12 13 12
6 8 29
22 0 27
16 20 17
22 1 23
11 13 7
1 4 28
22 23 28
16 19 27
18 20 14
1 3 6
10 13 16
22 2 2
2 4 21
5 8 22
4 7 12
8 10 20
3 7 10
19 22 29
13 16 9
17 20 2
11 15 19
12 15 21
19 22 30
16 19 11
22 1 24
18 21 3
17 19 22
19 0 2
21 0 29
14 16 28
3 6 20
23 1 7
3 7 3
14 17 10
18 21 8
23 2 22
12 14 20
3 5 25
7 8 23
8 12 27
12 17 12
23 2 14
2 5 28
18 20 27
2 4 13
6 9 6
11 14 16
21 23 24
22 1 29
10 14 3
11 13 10
15 17 1
14 17 6
0 4 22
20 23 30
12 16 13
17 20 22
5 8 18
4 8 9
7 10 5
11 13 10
21 0 6
20 22 15
5 9 21
19 22 4
3 5 23
17 20 27
7 11 18
15 18 3
1 6 11
9 12 22
6 8 28
10 12 3
2 7 2
5 8 20
5 7 30
6 10 8
20 23 22
7 12 6
13 17 29
15 19 16
8 9 12
12 14 17
15 18 10
10 12 21
2 5 22
17 19 22
6 7 20
20 23 11
13 17 25
12 14 18
0 3 9
12 15 6
22 1 13
6 10 30
22 2 25
19 22 3
23 1 17
4 9 10
17 19 22
5 8 19
12 15 27
21 0 10
1 3 6
15 18 30
6 10 23
17 19 21
3 6 1
21 1 30
2 6 20
22 1 30
2 5 13
2 6 3
6 10 5
9 10 4
23 3 28
9 12 9
4 7 12
20 0 4
21 0 26
4 5 24
9 13 17
12 14 11
8 10 2
2 5 19
6 10 7
1 5 18
3 7 19
22 2 21
7 12 29
19 22 28
13 16 19
18 20 4
21 0 29
19 22 6
2 7 10
9 13 29
1 3 30
14 17 8
22 0 6
9 11 12
17 20 22
9 12 7
11 14 7
12 17 8
3 7 3
0 1 24
13 16 14
22 2 30
3 6 15
13 16 22
22 2 7
9 11 14
16 18 8
15 17 1
22 0 26
10 12 2
4 7 7
1 3 21
6 8 28
10 12 18
8 12 5
8 9 21
7 10 10
19 22 20
5 8 27
6 9 5
20 23 25
11 15 9
7 10 27
18 21 8
11 13 17
13 16 4
7 9 24
6 10 11
16 20 6
12 17 6
0 2 14
20 21 21
12 14 17
8 11 15
22 2 25
15 19 1
17 19 9
7 12 18
13 18 9
18 23 6
5 7 1
21 0 14
10 13 11
14 15 15
0 2 4
2 6 28
13 16 5
6 9 9
14 16 22
7 11 28
11 17 30
15 17 7
12 16 22
2 4 23
0 2 11
11 17 19
3 6 30
20 0 25
18 21 15
7 9 1
16 19 6
5 9 9
8 12 4
12 16 27
7 9 23
21 0 23
18 22 24
13 18 29
19 0 20
6 9 30
0 4 5
7 9 7
2 5 9
4 5 21
13 15 2
15 17 18
5 7 20
10 12 15
19 23 16
21 0 23
23 1 14
17 20 4
7 13 21
22 2 22
9 12 6
17 20 1
5 9 26
0 2 24
15 17 4
12 15 3
3 6 25
4 7 26
16 21 12
9 14 21
0 2 30
3 7 11
11 12 10
6 9 14
4 7 7
1 3 7
7 9 29
12 14 29
7 10 9
22 1 9
4 9 4
5 9 30
3 6 27
0 5 12
20 23 14
5 7 30
16 18 14
2 4 26
14 17 3
10 13 27
12 15 4
21 22 23
21 23 2
16 19 29
20 21 22
6 9 12
0 3 3
14 18 19
3 5 5
13 16 10
22 2 25
9 11 6
6 10 11
3 7 29
3 5 7
21 1 3
14 16 22
22 1 23
12 15 29
21 0 15
19 23 15
15 18 20
15 17 17
10 13 4
17 19 28
9 12 11
12 13 9
12 15 27
6 9 14
16 19 24
22 1 14
2 3 29
16 19 21
6 8 11
4 8 21
12 16 27
9 12 29
0 2 2
16 17 26
0 3 4
0 5 10
2 6 19
1 3 6
23 1 16
13 15 22
19 22 4
6 10 10
13 13 5
16 19 17
14 19 30
12 14 4
10 13 20
6 9 1
7 9 30
5 8 17
11 15 21
18 21 15
13 18 18
3 8 13
16 19 8
12 16 20
13 16 14
3 7 22
18 21 23
14 18 5
4 6 14
22 1 24
15 19 21
0 3 3
22 1 4
4 9 3
13 17 11
2 6 22
16 16 3
13 16 26
14 18 24
15 20 21
1 5 17
23 1 3
11 15 1
8 12 29
16 18 14
19 23 23
21 23 23
20 22 15
15 16 24
23 2 24
19 23 17
2 4 8
9 13 30
2 6 24
13 16 24
16 20 20
21 0 1
7 10 21
6 8 24
10 12 26
19 23 27
14 17 9
11 14 14
14 16 5
5 9 16
22 2 25
9 10 23
0 3 6
15 19 4
19 23 18
21 0 25
7 9 16
8 11 16
19 23 21
20 22 10
10 12 3
13 15 21
5 8 7
4 6 28
12 15 13
10 13 13
2 4 7
17 18 19
18 22 1
0 3 29
17 21 8
21 0 10
17 19 28
3 5 29
2 6 3
6 10 21
23 3 28
16 18 2
21 1 2
12 16 20
18 20 23
9 13 22
4 8 18
19 21 3
22 2 20
6 10 30
21 23 14
4 6 4
9 11 19
1 3 1
15 16 25
20 0 17
12 15 29
18 21 12
12 16 13
0 3 5
21 23 20
19 21 5
10 12 8
5 8 18
21 23 1
23 4 25
9 12 2
22 1 24
16 19 11
1 3 14
9 13 25
21 1 29
17 21 17
10 13 7
11 13 7
3 4 2
10 13 17
10 15 30
2 6 25
14 18 16
16 18 10
15 19 5
22 3 24
7 11 12
4 6 1
15 17 30
8 12 22
12 17 4
12 15 9
8 12 30
6 11 6
17 21 28
17 18 25
10 12 4
18 20 28
22 0 7
20 23 7
4 6 10
12 15 29
17 19 24
23 2 24
18 21 2
23 2 28
12 15 26
12 16 23
17 19 20
15 19 16
7 10 30
19 22 6
15 18 1
11 11 5
0 5 2
4 6 1
13 15 24
6 9 6
15 16 11
2 5 19
21 0 12
6 8 5
2 5 11
6 10 29
4 6 27
20 22 21
14 18 2
6 10 30
13 17 22
20 0 25
5 7 5
1 4 13
11 12 28
5 7 29
2 4 1
10 13 19
0 3 16
5 9 25
11 13 13
5 8 25
0 2 26
7 11 4
5 7 27
23 3 14
7 9 22
23 1 2
2 5 16
8 11 25
12 15 6
5 7 3
4 6 25
4 8 1
23 0 19
19 21 28
14 18 5
5 8 26
4 7 2
5 7 23
11 13 15
18 21 6
9 11 4
12 15 15
21 23 17
12 15 1
19 23 12
2 5 23
17 20 7
11 14 7
11 14 29
17 20 8
17 22 24
16 20 18
4 6 14
15 19 29
3 6 22
8 12 18
2 6 8
1 5 16
22 23 23
1 4 19
19 21 15
14 16 18
4 7 11
0 3 13
18 21 25
2 5 6
18 22 15
9 14 21
21 1 4
8 11 8
0 3 2
13 16 24
17 20 12
17 20 3
15 18 11
4 6 8
4 8 8
1 6 12
6 9 27
2 3 5
3 8 9
9 13 10
20 23 18
22 1 23
16 19 27
14 16 12
9 12 11
9 12 4
17 18 18
22 1 28
2 4 8
20 23 29
10 11 20
18 19 5
7 11 11
5 8 19
14 15 11
22 0 14
10 12 27
0 3 29
0 2 5
22 0 21
23 2 5
13 17 29
17 19 4
0 3 24
13 17 15
7 10 9
17 19 18
18 20 21
15 20 11
18 21 7
18 21 20
11 13 22
18 21 3
6 8 12
15 19 18
16 19 23
2 5 21
5 9 8
11 14 7
16 20 3
20 23 7
22 23 6
10 11 2
22 0 30
15 19 9
10 13 21
22 1 25
21 0 23
22 1 18
8 11 24
13 15 16
1 4 17
6 9 8
3 8 16
12 15 26
22 1 26
19 22 8
9 13 13
16 18 24
6 9 1
15 17 30
23 3 9
14 17 7
22 0 8
1 4 10
2 4 27
13 16 9
16 18 28
20 22 4
1 5 21
15 18 18
22 1 13
10 14 26
5 7 20
1 5 10
15 17 10
13 17 29
12 15 5
19 21 12
8 11 30
23 3 22
22 2 27
8 10 26
10 13 12
10 13 12
14 17 3
21 0 24
17 22 14
20 23 14
9 12 5
2 5 1
18 20 11
21 1 28
11 15 29
16 18 24
15 19 10
17 20 16
2 6 1
17 20 18
20 0 7
12 15 7
10 13 16
6 9 30
20 23 4
9 14 12
22 1 2
13 15 4
8 10 4
17 21 26
5 8 30
22 1 20
14 18 21
9 10 7
4 9 11
7 10 11
7 10 21
2 7 7
21 0 15
18 22 24
19 23 4
9 13 16
19 22 10
13 15 3
22 2 28
12 16 17
20 0 28
9 11 10
16 19 3
14 16 14
