100 4
4 4 4 2 
7 10 2
15 16 2
3 4 1
13 15 2
21 1 1
22 1 4
9 12 4
1 3 1
22 2 1
3 5 4
1 3 2
12 14 4
17 22 2
7 11 3
3 6 2
0 2 4
23 2 2
3 6 1
2 3 1
5 12 3
23 2 3
0 3 2
21 1 3
1 4 1
7 10 4
21 0 1
11 14 4
4 8 4
20 21 4
1 3 2
21 22 3
7 11 4
5 8 4
17 20 1
1 4 4
16 18 2
15 17 4
6 8 1
19 23 3
12 17 2
4 7 1
12 14 1
3 6 1
20 23 4
21 0 1
11 14 1
4 6 4
10 13 2
13 16 3
12 17 2
12 15 1
15 18 3
9 13 4
6 9 1
9 11 4
4 6 2
15 21 3
3 6 3
23 1 3
12 15 1
17 19 2
17 19 4
0 3 2
14 15 3
22 3 4
13 15 3
23 3 4
16 19 2
2 5 4
12 16 4
15 18 2
15 19 4
10 13 3
19 22 4
12 15 2
0 2 1
1 4 3
7 9 3
20 23 1
17 20 2
9 12 1
15 20 2
16 20 3
6 8 3
3 5 1
23 1 1
13 17 2
15 19 1
6 10 2
5 9 3
6 9 1
23 1 1
9 11 2
18 22 2
18 22 4
8 11 2
14 17 4
20 1 2
0 3 4
0 5 4
