1000 5
5 3 2 1 1 
15 20 5
20 23 3
12 15 5
5 8 4
22 0 5
23 2 2
21 1 3
3 6 2
13 16 3
22 2 4
17 19 2
2 5 3
16 19 1
1 5 5
16 17 3
0 3 1
16 18 2
13 17 3
2 7 4
21 2 3
1 4 4
13 16 3
19 21 5
6 9 5
13 18 5
7 12 3
4 5 1
23 1 4
4 7 1
13 18 5
18 20 5
23 1 3
2 5 1
20 1 3
13 15 5
6 10 2
12 14 4
22 23 4
14 17 3
2 4 5
13 15 2
1 3 3
0 4 5
13 16 5
7 9 3
22 0 1
9 15 4
8 9 3
10 12 4
20 22 3
17 21 5
5 8 4
3 6 2
23 1 3
8 11 4
17 19 3
7 9 1
18 22 4
13 15 4
10 14 3
6 9 4
5 6 2
10 13 1
23 2 3
5 9 4
16 20 5
11 14 2
11 14 3
17 19 5
0 2 2
5 8 1
5 7 1
15 18 2
23 1 3
7 9 1
12 15 1
2 4 1
16 18 4
17 19 1
14 18 2
0 4 4
11 15 1
16 20 5
6 9 2
18 21 1
2 5 1
4 8 2
13 17 1
19 21 1
3 4 4
3 6 1
8 10 4
12 14 5
14 16 1
16 18 5
1 5 1
21 0 4
1 5 4
6 9 3
17 18 4
15 18 5
20 0 1
19 22 2
8 11 1
1 4 2
17 20 5
0 4 4
14 16 1
16 19 2
20 0 5
2 4 2
20 0 1
3 5 5
16 20 3
6 8 3
23 3 5
18 22 4
8 9 3
8 11 4
2 3 3
11 15 3
8 11 3
21 0 3
19 23 5
14 18 4
16 19 2
14 19 3
14 18 1
6 10 5
10 14 4
21 0 3
8 11 4
13 17 4
10 12 2
7 9 2
1 4 1
2 5 1
18 20 4
14 16 3
3 5 2
9 13 1
16 20 3
21 0 4
13 15 1
19 23 2
0 3 1
19 21 4
12 15 5
2 3 3
22 3 1
1 5 2
5 8 4
23 2 5
10 15 3
17 20 3
18 20 4
9 11 2
23 0 2
21 0 1
3 6 5
16 20 2
15 18 5
20 21 1
2 5 4
7 12 2
16 20 2
9 13 2
18 22 4
9 13 5
0 2 5
17 18 2
7 8 4
12 15 1
15 18 1
9 11 4
4 7 3
8 12 1
23 1 5
7 10 2
22 23 3
16 18 2
16 19 1
19 23 4
18 21 4
20 23 1
14 17 2
18 22 3
15 17 3
12 16 1
3 7 3
15 18 2
15 17 3
21 0 2
1 5 1
2 4 5
23 3 1
7 10 5
3 6 1
4 7 3
14 18 3
10 13 5
23 4 4
15 19 3
21 23 2
13 16 4
16 20 2
4 6 1
5 8 2
9 13 5
20 23 4
1 3 1
20 0 2
4 9 1
3 7 2
1 3 3
15 17 2
0 5 3
4 4 3
22 0 5
12 15 1
10 12 2
13 17 2
7 9 3
17 20 2
9 12 1
15 18 3
13 16 2
6 10 1
6 10 3
12 14 3
18 23 4
6 11 5
8 9 4
17 19 1
2 6 5
0 2 2
12 16 3
23 1 1
13 15 3
9 14 5
8 11 2
20 23 1
18 21 3
5 8 3
14 17 4
22 1 3
22 0 1
8 11 3
8 11 1
21 0 3
16 21 4
10 13 3
9 13 2
21 0 5
12 17 3
13 16 3
7 10 1
18 20 1
23 0 3
3 7 3
5 8 4
16 19 1
4 5 1
8 13 3
21 2 4
9 11 5
20 0 4
5 9 3
2 6 5
20 0 3
17 20 1
16 18 5
1 4 5
6 10 2
5 7 5
12 15 5
16 19 2
7 11 3
13 17 3
19 21 3
1 3 5
3 5 4
17 21 1
11 12 5
9 13 5
2 5 3
5 9 3
18 21 2
17 19 3
14 18 4
15 18 5
7 10 2
20 1 2
10 14 4
19 22 4
15 18 5
19 22 3
10 13 2
21 1 2
0 2 4
7 9 1
21 2 1
9 12 4
23 1 3
12 15 1
21 2 5
18 21 2
17 20 3
12 16 5
16 21 2
4 6 4
4 8 2
0 2 1
5 9 3
11 13 3
20 22 4
12 15 2
0 2 4
12 15 3
2 4 2
18 22 4
4 7 1
22 1 3
3 5 4
1 4 2
17 20 4
13 17 2
19 23 3
18 22 4
1 6 1
10 13 3
11 14 3
0 2 4
15 20 2
1 4 4
17 21 4
11 14 2
20 23 2
19 22 3
12 15 2
16 18 4
21 1 4
7 10 2
7 10 5
10 13 3
14 18 3
21 22 4
1 4 4
18 21 5
16 19 2
19 21 5
5 9 4
6 8 2
12 14 5
5 7 4
3 7 2
21 0 2
6 8 5
21 23 3
1 6 2
15 16 2
4 8 3
8 11 3
23 0 2
12 15 2
21 23 3
6 8 1
9 12 5
17 22 4
4 7 3
13 17 3
7 11 1
13 17 2
5 9 4
15 16 1
19 23 5
11 14 5
15 20 4
14 16 5
13 18 3
18 21 5
15 18 3
14 16 5
1 4 3
7 8 5
12 15 3
14 17 3
13 15 4
14 16 1
17 20 1
18 20 4
22 1 3
22 23 1
18 21 4
8 12 2
0 3 5
8 13 3
3 6 2
15 18 4
21 0 2
19 23 5
15 17 4
16 19 4
5 7 2
6 9 1
6 9 1
3 6 4
16 19 3
9 12 5
19 21 1
21 1 1
0 2 3
4 6 3
6 10 5
23 2 3
14 16 2
18 20 4
11 14 2
12 16 2
9 12 5
21 0 3
14 16 1
1 4 5
4 8 3
16 18 3
18 20 1
2 4 1
22 0 2
21 0 5
10 12 5
20 22 2
2 5 1
5 7 5
17 20 2
15 16 3
19 22 1
18 21 3
5 8 5
3 6 2
19 0 2
23 2 5
14 18 2
13 17 2
19 0 2
15 17 3
6 10 1
6 8 3
19 22 1
20 23 2
6 8 3
7 11 4
23 4 5
21 2 5
17 20 3
21 0 1
11 13 4
20 23 4
18 19 3
11 13 4
21 1 4
14 17 2
2 5 5
20 23 3
4 8 2
18 21 1
18 21 1
20 2 4
5 9 5
4 7 2
3 7 1
2 5 3
1 4 3
19 22 5
19 23 1
2 3 2
11 14 4
9 11 2
11 14 3
17 19 2
20 23 5
11 13 4
7 11 4
7 10 5
16 20 2
19 21 5
9 12 5
16 18 1
7 11 2
8 9 3
21 23 3
1 5 1
17 19 2
11 13 3
8 11 2
14 17 2
12 15 5
0 4 5
19 23 4
8 11 4
4 6 4
12 14 4
17 21 2
21 0 2
17 21 1
11 15 3
19 23 5
3 6 1
5 8 4
13 15 2
21 22 3
8 10 1
6 9 1
11 14 3
23 2 2
4 7 3
14 17 3
11 14 4
22 1 3
5 9 2
8 11 3
8 11 4
6 9 1
2 5 3
15 19 3
16 19 4
18 22 1
10 13 1
3 6 1
17 20 2
8 12 2
16 19 5
6 9 3
13 16 1
2 6 5
5 7 2
17 18 3
21 23 1
11 15 1
9 11 4
11 13 2
15 20 1
14 18 5
4 6 4
12 16 4
0 1 1
18 20 4
7 11 1
22 0 4
0 2 2
17 21 5
19 22 1
16 19 2
17 20 1
21 0 4
17 21 4
4 5 4
16 19 2
3 7 1
21 0 5
18 21 4
23 2 2
18 21 4
8 11 3
22 0 1
2 6 3
5 8 3
7 9 3
19 20 1
8 11 1
21 23 2
21 1 3
20 23 2
22 1 5
22 1 5
16 21 2
12 15 1
16 17 5
4 10 2
7 10 2
11 14 5
16 19 3
7 11 2
16 20 5
20 1 5
20 0 2
14 20 4
5 8 2
8 13 2
7 9 2
6 9 3
12 15 3
21 23 1
1 3 3
2 5 1
7 11 2
16 20 2
11 14 2
9 12 2
16 22 2
6 11 1
19 22 2
22 1 3
13 16 2
3 5 3
9 11 3
21 1 5
7 9 4
23 3 3
16 20 4
1 4 5
18 21 2
9 13 1
8 12 1
19 22 4
18 21 4
4 8 2
6 9 4
8 12 1
5 8 3
17 19 3
21 1 1
4 7 4
2 4 3
20 23 5
23 3 1
6 10 5
8 10 4
10 14 3
4 6 4
19 23 5
1 3 3
6 9 3
18 23 3
10 12 5
23 2 2
18 22 4
17 21 2
16 20 5
9 13 4
8 9 3
18 21 3
10 14 3
4 8 1
12 15 5
1 4 5
15 19 5
17 21 1
10 13 2
8 11 5
18 20 2
1 5 4
19 22 3
15 18 1
13 14 1
13 15 5
9 12 1
5 9 4
18 21 4
15 18 4
7 9 5
16 19 1
18 20 5
0 2 3
14 18 3
8 11 4
5 8 3
22 0 5
16 18 2
0 2 4
11 15 5
2 6 4
15 16 2
0 2 3
9 14 5
17 21 3
3 6 4
6 9 3
14 16 2
3 7 4
15 18 5
3 6 4
13 16 1
11 14 4
1 4 1
22 1 4
11 14 1
12 15 3
11 14 1
0 2 5
21 2 5
10 14 5
5 7 5
3 6 1
17 19 5
23 3 4
5 7 4
10 12 4
20 0 1
14 18 5
21 23 4
10 13 5
14 17 3
1 4 5
19 21 2
3 7 2
5 8 4
21 23 5
10 12 3
9 12 1
8 11 2
10 13 3
21 0 3
22 2 3
13 17 2
23 2 5
7 9 3
15 18 5
8 11 4
5 9 4
19 22 3
0 4 3
0 3 5
6 8 1
19 23 3
17 20 5
13 17 2
13 16 4
4 7 2
18 19 2
0 3 1
6 10 1
5 9 1
12 15 1
16 19 5
9 12 4
21 1 3
4 7 4
3 5 3
11 13 5
21 1 1
10 12 1
22 0 5
19 22 2
23 2 2
7 10 3
23 3 2
19 22 1
14 17 5
1 4 4
21 0 2
8 10 1
8 11 3
14 19 3
6 9 1
10 11 4
11 16 2
17 21 3
8 11 3
21 1 2
11 13 4
23 2 1
13 17 5
11 16 5
5 8 5
14 18 5
6 10 5
12 14 1
11 13 5
0 2 1
17 19 5
1 3 3
20 0 3
0 1 2
21 22 4
13 15 4
1 4 5
7 10 4
4 8 1
3 6 1
8 12 2
5 8 3
20 0 4
11 13 3
1 3 2
6 9 5
20 22 1
14 16 3
8 10 3
10 13 1
11 13 2
5 7 1
15 16 2
11 13 2
23 2 5
13 14 1
6 8 4
20 23 4
22 1 5
3 5 1
4 6 4
17 21 1
6 8 4
9 11 2
8 11 5
0 2 3
12 15 2
17 19 3
19 22 4
3 6 4
20 22 2
23 2 5
12 15 5
5 9 1
13 15 2
12 15 5
23 3 1
21 1 5
0 1 2
14 18 2
23 1 3
18 22 4
1 5 2
18 21 3
15 17 2
7 11 2
18 21 5
3 5 3
8 12 1
0 2 5
10 13 2
3 7 2
20 23 3
8 12 2
0 2 2
10 13 5
21 1 5
6 10 2
6 8 1
8 11 1
9 14 3
3 7 1
21 1 1
14 18 3
3 7 2
16 20 2
19 22 1
20 22 2
7 10 1
7 9 2
21 23 3
20 23 2
17 20 1
13 14 1
10 12 4
21 1 3
21 22 1
7 11 4
17 19 2
14 18 3
2 5 3
12 15 3
22 1 4
12 16 1
10 12 4
22 1 4
5 6 1
13 17 5
4 6 3
16 18 2
16 18 3
7 11 5
22 3 1
6 10 2
9 12 4
15 19 5
13 16 3
16 19 2
6 9 2
23 0 5
9 12 5
7 11 2
8 11 2
2 6 3
10 12 1
18 21 3
20 23 5
18 20 4
1 2 1
9 12 1
5 8 1
18 20 2
20 23 5
19 22 2
6 9 5
22 0 4
3 7 5
6 11 3
12 15 2
13 17 1
1 6 5
14 17 3
8 12 1
23 3 4
22 2 2
10 14 2
7 11 3
20 23 4
23 1 2
12 15 1
5 8 1
16 19 1
13 17 5
18 23 2
0 5 2
6 9 2
3 6 2
8 9 4
6 10 3
3 6 2
13 17 4
10 12 2
10 13 1
23 2 3
3 5 4
18 19 4
15 17 4
23 3 3
23 4 3
16 17 1
4 7 5
20 0 1
0 1 1
8 12 5
9 13 4
23 0 2
12 15 3
8 11 5
20 23 1
15 18 1
3 6 2
22 1 1
8 12 3
7 9 5
5 8 4
22 1 5
7 10 3
6 9 3
11 16 1
22 2 1
14 17 5
12 14 4
15 17 4
14 17 1
6 9 2
4 6 4
16 19 1
16 19 5
4 9 2
1 4 1
23 2 4
2 5 3
12 16 3
12 15 1
21 1 4
13 17 3
14 17 5
10 14 1
21 23 4
21 23 5
9 13 5
4 6 5
6 9 1
19 23 1
5 9 3
12 15 3
15 19 2
16 20 4
4 7 5
9 11 5
1 4 4
10 12 4
5 8 2
0 4 5
15 20 1
1 4 3
7 8 3
13 16 1
5 7 1
8 10 1
10 12 4
18 21 5
10 13 1
22 3 1
7 10 4
17 19 5
14 18 1
4 7 3
5 9 3
5 8 1
5 8 1
